225704.0,2004,48226,R
128107.0,2004,48322,D
450.0,2004,48005,D
550.0,2003,48145,U
42509.0,2003,48230,D
600.0,2004,48456,D
2765.0,2004,48380,U
29165.0,2004,48178,R
192800.0,2004,48146,D
11400.0,2003,48439,R
2200.0,2003,48221,U
300.0,2004,48256,U
300.0,2003,48068,R
14958.0,2004,48083,D
301410.0,2003,48009,R
62586.0,2003,48331,R
125749.0,2004,48076,D
7600.0,2003,48015,R
950.0,2004,48173,D
5000.0,2004,48131,U
93640.0,2003,48322,R
14250.0,2003,48348,D
250.0,2003,48072,U
313680.0,2004,48304,D
6200.0,2004,48423,D
600.0,2003,48097,D
19900.0,2003,48047,R
500.0,2003,48450,R
200.0,2004,48160,D
250.0,2003,48014,R
587.0,2004,48122,U
11325.0,2003,48214,U
11600.0,2003,48080,R
7150.0,2003,48205,D
2750.0,2004,48451,D
7096.0,2004,48370,D
14085.0,2004,48219,D
2500.0,2004,48414,D
9950.0,2004,48059,R
27975.0,2004,48183,D
4500.0,2004,48158,D
5096.0,2003,48316,D
196135.0,2003,48009,D
10077.0,2004,48336,U
24065.0,2003,48306,D
400.0,2004,48009,I
750.0,2003,48414,D
10910.0,2004,48134,R
1500.0,2004,48139,R
7550.0,2003,48342,U
9199.0,2004,48065,D
500.0,2003,48088,U
500.0,2003,48415,R
1500.0,2003,48363,U
216723.0,2004,48326,R
3000.0,2004,48325,R
365.0,2004,48235,R
500.0,2004,48021,L
43445.0,2003,48348,R
3950.0,2004,48035,D
800.0,2004,48095,D
8580.0,2004,48138,D
7964.0,2003,48180,U
2791.0,2004,48328,U
13690.0,2003,48390,D
11968.0,2004,48085,R
400.0,2003,48039,U
14485.0,2004,48307,U
1850.0,2003,48239,U
800.0,2003,48361,R
1932.0,2003,48085,U
500.0,2004,48143,D
16290.0,2004,48329,D
16408.0,2004,48439,U
12030.0,2004,48080,U
1000.0,2004,48457,D
2900.0,2004,48453,R
714.0,2004,48357,U
1500.0,2003,48137,U
3250.0,2004,48240,R
10175.0,2003,48144,R
3075.0,2004,48040,R
2150.0,2003,48164,R
250.0,2004,48176,3
4930.0,2004,48101,D
3800.0,2003,48220,R
1000.0,2003,48006,R
3400.0,2003,48005,R
575.0,2003,48017,U
12010.0,2004,48094,R
9838.0,2004,48106,U
30800.0,2003,48335,R
500.0,2003,48376,U
14942.0,2003,48108,U
2500.0,2003,48173,D
6400.0,2003,48054,D
1250.0,2004,48015,R
11515.0,2003,48203,R
38500.0,2004,48303,D
3312.0,2004,48045,U
133157.0,2004,48331,R
950.0,2003,48440,D
4450.0,2004,48205,D
700.0,2003,48214,I
31477.0,2004,48375,R
5000.0,2003,48383,U
7050.0,2003,48212,R
-1240.0,2003,48438,U
9283.0,2003,48185,D
500.0,2004,48430,3
4540.0,2003,48176,U
250.0,2003,48009,I
500.0,2003,48139,U
1275.0,2003,48040,D
1950.0,2004,48451,R
63760.0,2003,48207,R
450.0,2004,48413,D
10848.0,2004,48036,R
2811.0,2004,48356,U
4559.0,2004,48072,U
200.0,2003,48085,L
502258.0,2004,48236,R
11823.0,2004,48187,U
5896.0,2004,48174,U
5112.0,2004,48239,U
31500.0,2004,48116,D
275.0,2004,48074,D
250.0,2003,48363,I
250.0,2004,48365,D
4863.0,2004,48182,U
16655.0,2003,48030,L
6150.0,2003,48069,D
1430.0,2004,48422,R
575.0,2003,48442,U
9400.0,2004,48223,D
48023.0,2004,48371,R
2000.0,2003,48160,D
39648.0,2004,48167,U
1260.0,2003,48343,R
920.0,2003,48125,R
10650.0,2003,48197,D
5950.0,2003,48183,D
10650.0,2003,48390,R
250.0,2003,48266,D
4725.0,2003,48393,D
4365.0,2003,48235,R
15515.0,2004,48081,R
2000.0,2003,48095,L
3700.0,2003,48067,U
35900.0,2004,48326,D
6000.0,2004,48047,D
81466.0,2004,48306,R
63473.0,2004,48025,U
700.0,2004,48224,L
400.0,2004,48414,R
18200.0,2004,48234,D
2219.0,2004,48125,U
2420.0,2004,48189,U
17150.0,2004,48126,D
3915.0,2004,48117,R
23650.0,2003,48317,R
1000.0,2003,48090,D
1935.0,2003,48033,R
12662.0,2004,48423,U
950.0,2003,48030,R
-25.0,2004,48014,R
5299.0,2004,48161,D
23475.0,2003,48076,U
250.0,2003,48211,R
129181.0,2004,48334,D
8200.0,2003,48381,R
9885.0,2003,48178,D
706.0,2004,48427,U
75444.0,2004,48098,D
16750.0,2004,48374,D
1000.0,2003,48096,D
17071.0,2003,48307,U
2500.0,2003,48243,D
7133.0,2004,48377,U
2500.0,2003,48179,U
4969.0,2004,48138,U
910.0,2003,48237,U
2200.0,2004,48353,R
2942.0,2003,48420,U
700.0,2003,48079,U
6350.0,2003,48174,R
250.0,2004,48385,D
11616.0,2003,48433,R
6000.0,2003,48173,R
29728.0,2004,48034,U
2250.0,2003,48042,U
72157.0,2003,48043,D
1250.0,2003,48438,D
19925.0,2003,48154,R
515.0,2004,48032,R
6200.0,2004,48359,R
15565.0,2004,48108,U
250.0,2004,48205,3
1800.0,2003,48185,R
3878.0,2004,48085,U
6283.0,2004,48310,U
3300.0,2003,48026,D
3430.0,2003,48346,U
6950.0,2003,48107,R
24227.0,2004,48309,D
64375.0,2004,48105,U
1800.0,2004,48303,U
128029.0,2004,48167,R
59617.0,2004,48092,R
1850.0,2004,48341,D
23354.0,2004,48439,D
16375.0,2004,48150,D
663.0,2004,48113,U
1198.0,2003,48081,U
17975.0,2003,48314,R
500.0,2003,48412,R
131335.0,2003,48323,D
4337.0,2004,48042,U
250.0,2004,48178,3
5900.0,2003,48174,U
10100.0,2004,48198,D
14400.0,2003,48066,R
350.0,2003,48013,U
2000.0,2003,48348,L
1250.0,2004,48186,D
1600.0,2004,48064,R
2111.0,2004,48051,U
6550.0,2004,48111,D
4900.0,2003,48150,U
8400.0,2004,48071,U
14748.0,2004,48363,U
1400.0,2004,48028,R
5150.0,2003,48072,D
360.0,2004,48324,L
88.0,2003,48107,U
27110.0,2003,48116,U
4350.0,2004,48079,D
26150.0,2004,48174,R
17848.0,2004,48335,D
500.0,2004,48165,D
346.0,2004,48397,U
4617.0,2004,48420,R
27030.0,2003,48178,R
77912.0,2004,48124,R
250.0,2003,48177,D
100.0,2004,48219,U
500.0,2004,48065,L
8208.0,2004,48183,U
1500.0,2004,48040,D
501.0,2003,48442,D
2649.0,2004,48232,U
34500.0,2004,48214,R
2250.0,2003,48220,U
25740.0,2003,48150,R
9915.0,2004,48350,R
24115.0,2004,48121,R
91200.0,2004,48075,D
1232.0,2004,48442,U
24112.0,2003,48221,D
16261.0,2003,48034,U
30533.0,2004,48154,R
128796.0,2003,48025,D
450546.0,2004,48103,D
16951.0,2003,48044,R
41350.0,2003,48043,R
8700.0,2003,48363,D
43100.0,2003,48213,R
1720.0,2004,48065,U
3000.0,2004,48060,D
14200.0,2004,48317,D
372362.0,2004,48104,D
1500.0,2004,48420,U
230.0,2004,48141,R
1200.0,2004,48137,D
48313.0,2004,48192,D
7240.0,2003,48125,D
2400.0,2004,48450,R
5250.0,2004,48243,D
1000.0,2004,48101,L
281.0,2004,48140,U
176073.0,2003,48146,D
1000.0,2004,48157,D
52000.0,2003,48265,R
17450.0,2004,48381,R
25351.0,2003,48093,R
300.0,2003,48416,R
6700.0,2003,48197,U
9908.0,2004,48121,U
2300.0,2003,48359,D
5040.0,2004,48144,R
3850.0,2003,48442,R
268.0,2004,48419,U
57795.0,2004,48108,D
34580.0,2004,48138,R
3350.0,2003,48017,D
1000.0,2004,48386,L
750.0,2004,48131,R
1100.0,2003,48158,D
11400.0,2004,48430,D
1700.0,2003,48035,D
10000.0,2003,48303,U
1487.0,2004,48422,U
3200.0,2004,48184,D
16900.0,2003,48070,R
17734.0,2004,48309,U
2532.0,2004,48315,U
235.0,2003,48346,3
375.0,2003,48240,U
13601.0,2004,48162,R
8919.0,2003,48120,D
6313.0,2004,48359,U
14800.0,2004,48043,R
500.0,2003,48383,D
3200.0,2003,48065,D
550.0,2004,48342,D
11115.0,2003,48059,U
17715.0,2003,48346,R
4772.0,2004,48030,U
2900.0,2004,48032,D
1780.0,2003,48386,R
88547.0,2003,48167,R
825.0,2003,48160,R
2300.0,2004,48438,R
29362.0,2004,48306,U
1900.0,2003,48026,R
2760.0,2003,48021,R
1300.0,2003,48039,D
1565.0,2003,48390,U
29825.0,2003,48324,D
4656.0,2004,48081,U
9900.0,2003,48054,R
39491.0,2004,48303,R
9450.0,2003,48219,D
11955.0,2003,48154,D
300.0,2003,48376,R
1000.0,2003,48379,R
500.0,2004,48436,D
3475.0,2003,48141,D
84850.0,2003,48226,D
37790.0,2004,48150,R
953.0,2004,48453,U
1731.0,2004,48120,U
2750.0,2003,48109,U
1579.0,2004,48084,L
19220.0,2003,48073,D
2000.0,2004,48117,U
203.0,2003,48068,U
2500.0,2004,48014,D
8550.0,2004,48348,D
3350.0,2003,48101,D
306204.0,2004,48009,D
4500.0,2004,48240,3
248533.0,2004,48025,D
2774.0,2004,48314,U
1450.0,2003,48136,R
240.0,2003,48427,R
3862.0,2004,48047,U
250.0,2004,48410,D
2550.0,2004,48107,U
12630.0,2003,48127,D
2750.0,2003,48327,U
300.0,2003,48413,D
4180.0,2003,48185,U
14115.0,2004,48313,R
19925.0,2004,48310,R
8977.0,2004,48120,R
148122.0,2004,48075,U
669.0,2004,48054,U
4691.0,2004,48107,D
1875.0,2003,48453,R
300.0,2004,48124,3
300.0,2003,48046,R
3150.0,2003,48036,D
21500.0,2003,48183,R
20100.0,2004,48187,D
4200.0,2003,48362,R
10400.0,2003,48083,D
200.0,2003,48151,R
4800.0,2003,48120,R
750.0,2003,48069,U
12865.0,2003,48081,R
13804.0,2004,48224,D
107915.0,2003,48084,R
9030.0,2004,48101,U
3950.0,2003,48201,U
12350.0,2003,48317,D
19702.0,2004,48161,R
2750.0,2003,48380,D
3149.0,2004,48066,U
216833.0,2004,48105,R
3500.0,2003,48314,U
2250.0,2003,48117,U
14382.0,2004,48341,R
1400.0,2003,48224,U
58000.0,2004,48153,R
250.0,2003,48137,D
2750.0,2003,48209,D
231.0,2003,48415,U
24585.0,2004,48237,D
3300.0,2004,48215,D
73379.0,2004,48230,U
1050.0,2003,48153,D
1865.0,2004,48458,U
4000.0,2003,48063,R
500.0,2004,48135,D
17229.0,2004,48201,U
14295.0,2004,48188,U
731106.0,2004,48226,D
1050.0,2003,48198,U
1250.0,2004,48063,R
32448.0,2003,48307,R
9587.0,2004,48377,R
500.0,2004,48373,D
9145.0,2003,48240,D
250.0,2004,48441,U
565.0,2004,48461,R
4415.0,2003,48079,R
2000.0,2003,48342,D
70454.0,2003,48304,U
1000.0,2003,48102,D
40053.0,2003,48091,D
21715.0,2004,48374,U
249033.0,2004,48034,R
4209.0,2003,48178,U
63428.0,2003,48243,U
500.0,2004,48321,D
18750.0,2003,48237,D
16150.0,2003,48085,R
500.0,2003,48439,3
8440.0,2004,48162,U
19015.0,2004,48127,R
37500.0,2003,48124,D
6000.0,2004,48037,U
118741.0,2003,48146,U
57726.0,2004,48324,D
161485.0,2004,48073,R
15150.0,2004,48080,D
6741.0,2004,48164,R
9401.0,2003,48212,D
250.0,2004,48438,U
284.0,2004,48311,U
3200.0,2003,48321,R
23399.0,2004,48085,D
25092.0,2004,48367,U
44170.0,2004,48093,D
200.0,2003,48120,I
800.0,2004,48356,R
8463.0,2004,48340,R
1270.0,2004,48104,3
101658.0,2004,48302,U
8763.0,2003,48377,D
2040.0,2004,48446,U
3160.0,2003,48446,U
3120.0,2004,48101,R
38068.0,2004,48326,U
5580.0,2004,48021,R
1325.0,2003,48451,U
32900.0,2003,48202,D
365.0,2004,48022,D
500.0,2004,48060,L
11420.0,2003,48230,U
1000.0,2003,48444,R
43448.0,2003,48105,D
126727.0,2004,48075,R
750.0,2004,48429,R
77650.0,2003,48235,U
11851.0,2003,48324,U
1865.0,2003,48137,R
11000.0,2004,48232,R
1050.0,2004,48353,D
1450.0,2003,48238,D
14200.0,2003,48353,R
300.0,2004,48421,R
10675.0,2004,48393,R
300.0,2003,48023,U
1000.0,2003,48007,D
1702.0,2004,48094,U
300.0,2003,48330,R
2300.0,2003,48359,R
500.0,2003,48364,R
30232.0,2004,48430,R
200.0,2003,48332,R
5278.0,2004,48128,R
117445.0,2004,48092,D
18500.0,2004,48070,R
1000.0,2003,48109,D
3252.0,2003,48099,R
100.0,2003,48158,L
1215.0,2004,48034,3
73570.0,2003,48076,R
7012.0,2004,48390,U
4500.0,2003,48381,U
84196.0,2004,48043,D
8600.0,2003,48234,D
525.0,2003,48135,R
12999.0,2004,48220,U
300.0,2003,48087,D
4250.0,2004,48021,D
250.0,2004,48218,U
36600.0,2004,48067,D
122421.0,2004,48230,D
17600.0,2003,48210,R
14060.0,2003,48084,U
1000.0,2004,48184,3
11175.0,2004,48327,D
28000.0,2003,48232,D
1000.0,2004,48393,D
8500.0,2003,48423,U
1000.0,2003,48421,R
8050.0,2003,48082,R
3364.0,2004,48073,L
1375.0,2003,48035,U
1500.0,2004,48332,R
31275.0,2003,48118,R
4302.0,2004,48371,U
36590.0,2004,48180,R
12826.0,2004,48187,R
1000.0,2003,48174,D
4600.0,2004,48225,R
15190.0,2003,48375,U
1596.0,2004,48062,U
250.0,2004,48331,3
8675.0,2003,48059,D
2241.0,2003,48310,U
2866.0,2004,48143,R
36600.0,2003,48093,D
180695.0,2004,48099,D
4000.0,2003,48204,R
2800.0,2003,48350,U
5666.0,2003,48062,U
4208.0,2003,48138,U
8700.0,2003,48184,R
7400.0,2003,48189,R
4000.0,2004,48442,L
375.0,2003,48125,U
29282.0,2003,48104,U
1381.0,2004,48212,U
1490.0,2003,48380,U
1000.0,2004,48010,R
800.0,2004,48134,D
9650.0,2003,48439,U
7000.0,2003,48363,R
6000.0,2003,48012,D
1400.0,2004,48121,D
200.0,2004,48190,D
750.0,2004,48075,3
250.0,2004,48221,3
550.0,2003,48133,R
135265.0,2003,48302,D
590.0,2004,48419,D
24366.0,2004,48118,D
500.0,2004,48130,I
250.0,2003,48322,I
250.0,2004,48259,D
53248.0,2004,48098,R
263.0,2003,48198,L
35715.0,2003,48315,R
650.0,2004,48370,U
24471.0,2004,48439,R
58928.0,2003,48167,D
240.0,2004,48240,U
8318.0,2004,48152,U
44139.0,2003,48301,U
550.0,2003,48099,D
5875.0,2003,48095,U
1675.0,2004,48166,U
2000.0,2003,48007,R
9350.0,2004,48033,U
250.0,2004,48013,R
800.0,2003,48327,D
9700.0,2004,48228,D
250.0,2004,48415,D
600.0,2004,48097,D
900.0,2003,48128,U
5550.0,2003,48433,U
800.0,2003,48101,U
12050.0,2003,48214,R
22249.0,2004,48178,D
2850.0,2004,48204,D
500.0,2004,48396,D
9210.0,2003,48235,D
4231.0,2004,48083,U
1770.0,2003,48192,U
151768.0,2004,48170,R
62300.0,2004,48232,D
239.0,2004,48382,L
20098.0,2004,48336,R
200.0,2003,48341,L
9780.0,2004,48362,R
11000.0,2003,48333,U
2482.0,2004,48114,U
8650.0,2004,48455,D
1725.0,2004,48415,R
500.0,2003,48068,D
6951.0,2004,48072,R
1270.0,2003,48101,R
12915.0,2003,48180,R
56850.0,2004,48317,R
9330.0,2004,48314,R
375.0,2003,48234,U
3068.0,2004,48335,U
5300.0,2003,48221,R
306895.0,2004,48302,D
16000.0,2003,48275,R
647.0,2004,48158,3
600.0,2003,48040,R
2550.0,2003,48044,D
24850.0,2003,48084,D
250.0,2004,48165,R
2360.0,2003,48320,U
103750.0,2003,48105,R
500.0,2003,48045,U
10651.0,2004,48442,R
-50.0,2004,48127,3
35658.0,2003,48124,R
23576.0,2004,48348,R
3912.0,2004,48169,U
217.0,2004,48068,U
17899.0,2003,48116,D
37270.0,2003,48108,R
86094.0,2003,48103,R
30800.0,2003,48310,D
5650.0,2003,48088,D
179938.0,2003,48304,D
2730.0,2004,48080,L
17925.0,2004,48335,R
200.0,2003,48067,I
0.0,2004,48393,3
102889.0,2004,48104,U
2916.0,2004,48224,U
500.0,2003,48318,R
500.0,2003,48317,U
250.0,2004,48067,3
4203.0,2003,48080,U
2500.0,2003,48079,D
78595.0,2004,48066,D
22965.0,2004,48067,R
193436.0,2004,48214,D
239.0,2003,48382,L
79448.0,2003,48176,R
4550.0,2003,48188,U
4550.0,2003,48381,D
3147.0,2004,48237,U
1000.0,2003,48031,U
3850.0,2004,48321,R
2500.0,2004,48122,D
2000.0,2004,48458,D
300.0,2003,48371,U
500.0,2004,48208,R
7050.0,2003,48341,R
29750.0,2003,48342,R
10600.0,2004,48188,D
9400.0,2003,48187,R
3060.0,2004,48158,U
17525.0,2003,48430,D
11709.0,2004,48070,U
55909.0,2003,48092,D
20550.0,2004,48312,D
520.0,2003,48166,U
1342796.0,2004,48304,R
31965.0,2004,48307,R
9635.0,2003,48383,R
18975.0,2004,48336,D
2052.0,2004,48036,D
13741.0,2004,48390,R
64208.0,2004,48213,R
2973.0,2004,48017,U
220.0,2003,48197,3
225.0,2004,48223,U
3250.0,2004,48362,D
13750.0,2004,48381,D
4400.0,2004,48090,R
3804.0,2004,48069,U
250.0,2004,48151,D
3250.0,2003,48225,R
5300.0,2003,48328,D
130471.0,2004,48301,D
62063.0,2003,48075,D
11000.0,2003,48215,D
4322.0,2004,48161,U
-500.0,2003,48117,D
1100.0,2004,48162,D
500.0,2004,48428,D
1987.0,2004,48413,U
4653.0,2004,48198,U
1480.0,2004,48189,R
260.0,2003,48223,U
9977.0,2004,48118,R
3234.0,2004,48209,U
9300.0,2004,48091,R
6850.0,2003,48455,D
7057.0,2004,48195,U
300.0,2003,48216,R
12950.0,2004,48239,D
90183.0,2004,48322,R
1000.0,2004,48233,R
4025.0,2004,48313,U
250.0,2004,48074,R
6300.0,2003,48073,U
2900.0,2004,48141,D
1750.0,2004,48367,D
275205.0,2004,48334,R
49130.0,2004,48073,D
210.0,2003,48186,3
1200.0,2004,48041,D
7335.0,2003,48183,U
200.0,2004,48450,D
1000.0,2003,48361,D
10458.0,2004,48235,D
29050.0,2004,48209,R
1350.0,2003,48213,D
59246.0,2003,48226,R
600.0,2003,48131,R
7200.0,2003,48393,R
6165.0,2004,48082,R
5700.0,2004,48059,D
55918.0,2004,48334,U
12752.0,2004,48152,R
74850.0,2003,48076,D
6750.0,2003,48370,D
7200.0,2003,48316,R
2300.0,2004,48444,R
3100.0,2004,48046,R
250.0,2003,48062,D
6081.0,2004,48316,U
11850.0,2003,48176,D
6150.0,2003,48340,U
1680.0,2004,48218,R
25635.0,2003,48067,R
2700.0,2004,48217,R
4500.0,2003,48367,D
6610.0,2003,48180,D
42800.0,2003,48070,D
97989.0,2004,48103,R
15350.0,2003,48313,R
200.0,2003,48231,R
1990.0,2004,48440,D
5000.0,2003,48275,D
400.0,2003,48232,R
5250.0,2003,48353,D
143095.0,2004,48034,D
11120.0,2004,48044,D
2187801.0,2004,48207,D
8250.0,2003,48035,R
500.0,2003,48113,U
8649.0,2003,48393,U
500.0,2004,48325,U
1600.0,2004,48082,U
2180.0,2003,48386,D
1850.0,2004,48224,R
3350.0,2004,48221,R
16760.0,2003,48225,D
45040.0,2003,48331,D
3700.0,2004,48173,R
800.0,2003,48146,R
10200.0,2003,48188,R
65150.0,2003,48201,R
16026.0,2004,48237,R
7604.0,2004,48038,D
17813.0,2004,48446,D
2180.0,2003,48313,U
39195.0,2004,48176,R
415.0,2004,48074,U
2000.0,2004,48160,R
250.0,2003,48005,U
78550.0,2003,48322,D
2600.0,2003,48312,U
5000.0,2004,48382,D
38119.0,2004,48130,R
15787.0,2003,48320,R
7300.0,2003,48325,R
8250.0,2003,48128,D
413.0,2003,48457,U
1698.0,2003,48060,U
24613.0,2004,48197,D
24950.0,2003,48045,R
21941.0,2004,48433,R
69710.0,2003,48104,D
250.0,2003,48429,U
1300.0,2004,48421,D
4055.0,2003,48059,R
2364.0,2004,48186,U
11080.0,2003,48336,D
3200.0,2004,48216,D
52800.0,2003,48374,R
19600.0,2003,48377,R
300.0,2003,48031,D
6400.0,2004,48180,D
17550.0,2004,48089,R
750.0,2004,48140,D
15912.0,2004,48176,U
2500.0,2003,48211,D
750.0,2002,48323,U
1620.0,2004,48146,R
3605.0,2004,48120,D
7021.0,2003,48118,D
1000.0,2004,48013,U
5550.0,2003,48312,R
12285.0,2004,48382,R
41684.0,2004,48071,D
1000.0,2004,48117,D
3150.0,2004,48346,D
6950.0,2003,48012,R
14601.0,2003,48108,D
3152.0,2004,48079,U
8356.0,2003,48060,R
900.0,2003,48092,U
3968.0,2004,48165,U
19920.0,2004,48315,R
569179.0,2003,48304,R
400.0,2003,48422,D
850.0,2004,48449,R
10556.0,2004,48067,U
281.0,2004,48145,U
949.0,2004,48164,U
21585.0,2003,48197,R
9100.0,2003,48192,R
1520.0,2003,48227,U
911.0,2004,48205,U
9750.0,2003,48307,D
1960.0,2003,48186,D
200.0,2003,48065,U
354.0,2004,48198,L
17132.0,2003,48126,U
7600.0,2004,48071,R
1750.0,2004,48367,R
510.0,2004,48042,D
1000.0,2004,48418,D
104881.0,2004,48207,R
74197.0,2003,48075,R
290.0,2003,48228,U
3300.0,2003,48072,R
1200.0,2004,48214,L
300.0,2003,48166,R
7623.0,2003,48327,R
1500.0,2004,48428,R
25691.0,2004,48038,R
1748.0,2004,48353,U
300.0,2003,48449,R
1000.0,2004,48354,R
500.0,2004,48351,R
600.0,2004,48068,D
6350.0,2004,48090,D
2287.0,2004,48340,U
200.0,2004,48073,I
300.0,2004,48029,D
780.0,2003,48360,D
239.0,2004,48335,L
500.0,2004,48428,U
6455.0,2004,48446,R
1822.0,2003,48362,U
902.0,2004,48429,U
16045.0,2003,48066,D
4113.0,2004,48021,U
600.0,2004,48397,D
77000.0,2003,48103,D
2075.0,2004,48336,3
285.0,2003,48159,D
450.0,2003,48225,U
7175.0,2003,48044,U
155228.0,2003,48230,R
205814.0,2003,48323,R
350.0,2003,48413,U
250.0,2002,48162,U
1250.0,2003,48026,U
10150.0,2004,48413,R
30620.0,2003,48380,R
4325.0,2003,48430,U
200.0,2003,48032,D
216303.0,2004,48104,R
1500.0,2004,48301,L
6023.0,2004,48312,U
3415.0,2004,48128,U
42909.0,2003,48226,U
272.0,2004,48375,L
2250.0,2004,48243,R
250.0,2003,48418,U
1550.0,2004,48376,D
23605.0,2003,48094,R
25750.0,2003,48374,D
83595.0,2003,48034,D
7739.0,2004,48104,L
18175.0,2004,48069,D
2315.0,2004,48455,U
134491.0,2004,48324,R
14541.0,2004,48333,D
43120.0,2004,48301,U
11775.0,2004,48015,D
19252.0,2004,48098,U
25600.0,2003,48130,R
236.0,2003,48441,U
4500.0,2003,48083,U
2290.0,2003,48071,U
540.0,2003,48074,R
1000.0,2004,48421,U
1400.0,2003,48051,U
3440.0,2003,48135,D
135529.0,2004,48084,R
6550.0,2003,48038,D
49800.0,2003,48326,D
2500.0,2004,48350,D
4700.0,2004,48386,D
3900.0,2004,48234,R
200.0,2003,48103,I
1814.0,2004,48144,U
6700.0,2004,48203,R
17220.0,2003,48169,R
1775.0,2004,48125,R
13050.0,2003,48309,D
2500.0,2004,48151,R
19985.0,2004,48073,U
1150.0,2003,48346,D
5377.0,2004,48093,U
16290.0,2004,48127,D
18866.0,2004,48111,R
28316.0,2003,48167,U
19079.0,2003,48098,U
26511.0,2004,48197,R
22025.0,2003,48375,R
4700.0,2003,48165,R
7745.0,2004,48152,D
470.0,2003,48453,U
250.0,2004,48212,3
109979.0,2004,48265,R
4050.0,2004,48315,D
5250.0,2004,48383,U
56150.0,2004,48012,D
500.0,2003,48204,U
18635.0,2004,48114,R
250.0,2004,48006,U
5050.0,2003,48045,D
2250.0,2004,48320,D
4580.0,2003,48091,R
1428.0,2004,48221,U
2462.0,2003,48231,D
1050.0,2003,48216,D
10250.0,2004,48380,D
18104.0,2004,48306,D
300.0,2004,48435,D
3250.0,2003,48118,U
700.0,2003,48234,R
3700.0,2003,48446,R
1550.0,2003,48134,D
9800.0,2004,48081,D
5110.0,2004,48370,R
5000.0,2003,48214,3
3450.0,2003,48210,D
250.0,2003,48226,L
2250.0,2004,48227,R
7810.0,2003,48423,R
7500.0,2003,48036,U
6458.0,2003,48154,U
250.0,2003,48229,D
500.0,2003,48169,D
17100.0,2003,48328,R
3500.0,2004,48033,R
12050.0,2004,48313,D
77782.0,2003,48116,R
812.0,2004,48432,R
11280.0,2003,48111,R
1820.0,2004,48320,R
250.0,2004,48441,R
500.0,2004,48168,U
20700.0,2003,48314,D
23075.0,2003,48127,R
5300.0,2003,48128,R
750.0,2003,48353,U
1000.0,2003,48061,U
750.0,2004,48360,D
2700.0,2004,48026,D
7000.0,2004,48109,D
3100.0,2004,48124,L
250.0,2004,48325,3
1000.0,2003,48209,U
5500.0,2003,48356,U
263.0,2004,48343,U
375.0,2004,48215,U
250.0,2004,48446,L
1750.0,2003,48195,U
4300.0,2003,48243,R
14552.0,2003,48336,R
2649.0,2004,48042,R
250.0,2003,48218,U
52150.0,2004,48220,D
250.0,2003,48253,U
6390.0,2004,48066,R
22565.0,2004,48346,R
51458.0,2004,48243,U
4155.0,2004,48362,U
44270.0,2003,48371,R
346.0,2004,48153,U
18805.0,2003,48071,D
650.0,2003,48356,R
338.0,2004,48137,U
2250.0,2004,48094,D
250.0,2004,48084,3
300.0,2003,48340,D
750.0,2004,48208,D
6132.0,2003,48070,U
1800.0,2003,48051,D
200.0,2003,48367,U
485.0,2004,48186,3
25173.0,2003,48170,U
245256.0,2004,48323,D
18991.0,2004,48183,R
7500.0,2003,48275,U
7750.0,2004,48037,D
109175.0,2003,48236,D
22181.0,2004,48324,U
0.0,2004,48027,U
11250.0,2003,48205,R
600.0,2004,48030,R
1000.0,2003,48325,D
1000.0,2003,48366,U
1850.0,2004,48082,D
12600.0,2004,48114,D
32932.0,2004,48333,U
7850.0,2004,48433,D
987.0,2004,48451,U
18500.0,2004,48275,D
80150.0,2003,48324,R
4500.0,2003,48332,U
10050.0,2004,48316,D
100.0,2004,48318,R
4400.0,2003,48367,R
535.0,2004,48096,U
2750.0,2003,48109,R
10950.0,2004,48363,D
158201.0,2003,48334,R
53017.0,2004,48130,D
250.0,2004,48049,U
4250.0,2004,48051,R
22810.0,2004,48169,R
16500.0,2003,48089,R
1050.0,2003,48208,D
23250.0,2004,48231,D
6650.0,2003,48095,R
6220.0,2004,48386,R
1300.0,2004,48213,D
6085.0,2003,48223,D
630.0,2003,48135,U
288582.0,2004,48025,R
600.0,2003,48041,D
13725.0,2004,48012,R
4075.0,2004,48225,D
230887.0,2003,48158,R
124061.0,2004,48309,R
45415.0,2003,48138,R
5083.0,2004,48062,R
18100.0,2004,48275,R
22250.0,2004,48176,D
9475.0,2004,48178,U
275.0,2003,48352,D
300.0,2003,48242,D
3169.0,2004,48225,U
4900.0,2003,48357,R
250.0,2004,48064,U
900.0,2003,48104,I
71805.0,2004,48170,D
6950.0,2004,48363,R
12000.0,2003,48333,L
800.0,2004,48444,D
3826.0,2004,48202,U
360.0,2003,48165,D
7550.0,2003,48228,R
6400.0,2003,48161,R
8800.0,2003,48162,R
225.0,2004,48069,L
535.0,2004,48028,U
69587.0,2004,48236,U
500.0,2003,48032,U
884.0,2004,48228,U
3550.0,2004,48039,R
-10.0,2003,48244,3
35886.0,2004,48044,R
1603.0,2003,48112,U
281.0,2004,48050,U
40350.0,2004,48089,D
4249.0,2003,48433,D
9250.0,2003,48313,D
8800.0,2004,48093,R
2000.0,2004,48107,R
7300.0,2003,48114,D
4406.0,2004,48185,U
-25.0,2004,48133,R
1810.0,2004,48005,U
3595.0,2003,48357,U
73750.0,2003,48198,R
650.0,2003,48175,D
10150.0,2003,48315,D
12650.0,2004,48220,R
240.0,2004,48347,U
2875.0,2003,48184,D
16711.0,2004,48076,U
200.0,2004,48140,R
20773.0,2004,48124,U
7150.0,2003,48080,D
11254.0,2004,48154,U
500.0,2003,48145,R
5050.0,2003,48094,D
215.0,2003,48022,U
8750.0,2003,48187,D
1693.0,2004,48134,U
2177.0,2004,48026,U
7700.0,2004,48065,R
500.0,2003,48304,I
67530.0,2003,48207,D
500.0,2004,48412,U
1450.0,2004,48218,D
8950.0,2004,48328,R
250.0,2004,48112,R
9961.0,2004,48127,U
5800.0,2003,48134,R
49250.0,2003,48098,D
75927.0,2004,48076,R
3795.0,2003,48069,R
4501.0,2004,48423,R
200.0,2003,48237,I
1000.0,2003,48179,R
2650.0,2004,48371,D
5225.0,2003,48455,R
160735.0,2003,48104,R
200.0,2004,48306,3
7915.0,2003,48360,R
1000.0,2004,48113,D
750.0,2004,48062,D
500.0,2003,48440,U
6865.0,2004,48215,R
1000.0,2004,48204,R
6550.0,2004,48195,D
500.0,2004,48418,U
1671.0,2004,48088,U
12755.0,2004,48212,D
750.0,2004,48023,D
83050.0,2003,48192,D
400.0,2004,48049,D
40016.0,2003,48326,U
12025.0,2003,48336,U
2150.0,2003,48227,R
950.0,2004,48357,D
29251.0,2004,48124,D
600.0,2004,48449,D
1716.0,2003,48043,U
1430.0,2003,48218,R
4150.0,2003,48021,U
2012.0,2004,48092,U
25300.0,2004,48195,R
5000.0,2004,48275,U
846.0,2004,48461,U
1825.0,2003,48165,U
298.0,2004,48197,3
2200.0,2003,48039,R
38366.0,2003,48103,U
6800.0,2004,48240,D
250.0,2004,48039,U
25551.0,2004,48374,R
13016.0,2004,48430,U
14323.0,2003,48067,D
5000.0,2003,48131,U
4500.0,2004,48238,D
354.0,2004,48040,U
250.0,2003,48167,I
4100.0,2004,48069,3
5450.0,2003,48328,U
33850.0,2004,48037,R
1500.0,2003,48015,U
300.0,2003,48217,D
6500.0,2003,48374,U
12158.0,2004,48072,D
250.0,2004,48120,3
2650.0,2003,48240,R
250.0,2004,48209,3
5228.0,2004,48060,U
3750.0,2003,48017,R
600.0,2003,48451,R
1246.0,2004,48450,U
1000.0,2003,48162,D
200.0,2004,48082,L
1075.0,2004,48061,U
300.0,2004,48093,3
2000.0,2003,48076,3
2450.0,2004,48219,R
500.0,2003,48160,U
250.0,2004,48059,3
489.0,2004,48302,L
1086.0,2003,48107,D
225.0,2003,48123,U
7440.0,2003,48106,U
11448.0,2004,48214,U
450.0,2003,48084,L
7150.0,2004,48017,R
2668.0,2004,48386,U
14750.0,2003,48188,D
222201.0,2004,48301,R
240.0,2003,48207,U
16600.0,2003,48121,R
1000.0,2004,48347,R
2750.0,2003,48037,R
10200.0,2003,48065,R
158125.0,2003,48034,R
300.0,2004,48048,D
300.0,2004,48457,U
1833.0,2003,48461,R
9002.0,2004,48393,U
565.0,2003,48018,U
4550.0,2004,48026,R
29150.0,2003,48303,D
341.0,2004,48012,U
500.0,2004,48108,3
289479.0,2004,48105,D
125083.0,2003,48170,R
1610.0,2003,48217,R
146451.0,2004,48150,U
350.0,2003,48157,U
12050.0,2003,48081,D
38060.0,2004,48130,U
2175.0,2003,48093,U
28590.0,2004,48030,D
63888.0,2004,48202,R
48925.0,2004,48203,D
4100.0,2004,48095,R
3800.0,2003,48438,R
31057.0,2003,48323,U
1673.0,2003,48060,D
500.0,2004,48401,D
550.0,2003,48382,D
80801.0,2003,48309,R
18100.0,2004,48307,D
10094.0,2003,48335,D
960.0,2004,48209,D
535.0,2003,48028,U
1275.0,2004,48228,R
250.0,2004,48188,L
1250.0,2004,48186,L
35716.0,2003,48152,D
4500.0,2003,48333,D
6450.0,2004,48442,D
259.0,2003,48221,3
250.0,2003,48140,U
2300.0,2004,48096,R
3545.0,2004,48433,U
14160.0,2003,48331,U
33492.0,2004,48331,U
14650.0,2004,48054,R
28650.0,2003,48083,R
250.0,2003,48013,R
2400.0,2004,48186,R
15671.0,2004,48375,U
10606.0,2004,48185,R
5250.0,2003,48096,R
775.0,2004,48227,U
21800.0,2003,48237,R
93887.0,2004,48070,D
1550.0,2004,48422,D
8300.0,2004,48455,R
2250.0,2003,48089,U
2800.0,2003,48195,D
40250.0,2004,48333,R
8761.0,2004,48036,U
163474.0,2004,48236,D
991.0,2004,48462,U
25361.0,2003,48322,U
360.0,2004,48234,U
306012.0,2004,48230,R
8350.0,2003,48138,D
500.0,2003,48218,D
9080.0,2004,48239,R
500.0,2004,48191,D
40201.0,2004,48108,R
3200.0,2003,48047,U
450.0,2003,48397,D
8500.0,2003,48015,D
50854.0,2003,48025,U
200.0,2003,48080,L
250.0,2003,48140,R
15450.0,2004,48059,U
94425.0,2003,48098,R
200.0,2004,48179,R
5440.0,2004,48205,R
4300.0,2003,48037,D
2750.0,2003,48169,U
2000.0,2003,48168,D
6300.0,2004,48136,R
5539.0,2004,48111,U
3850.0,2004,48340,D
48011.0,2004,48226,U
200.0,2003,48105,I
10126.0,2003,48348,U
80396.0,2004,48167,D
500.0,2004,48177,D
19190.0,2004,48044,U
690.0,2003,48182,D
13215.0,2004,48380,R
6735.0,2004,48088,R
106156.0,2004,48116,R
36250.0,2003,48089,D
2500.0,2004,48113,R
9200.0,2003,48239,R
131721.0,2004,48235,U
4425.0,2003,48111,D
4250.0,2004,48102,D
182036.0,2004,48201,R
9517.0,2004,48210,R
1650.0,2004,48164,D
279270.0,2003,48236,R
470.0,2003,48458,U
300.0,2003,48027,D
9462.0,2004,48184,U
500.0,2004,48454,R
27000.0,2003,48036,R
4400.0,2003,48413,R
218.0,2003,48164,U
1300.0,2003,48206,R
27250.0,2003,48209,R
10680.0,2003,48312,D
7250.0,2003,48092,R
-49.0,2003,48450,U
16129.0,2004,48099,R
500.0,2005,48304,D
4750.0,2003,48113,R
550.0,2003,48427,U
3269.0,2004,48015,U
5533.0,2004,48382,U
7550.0,2003,48195,R
2750.0,2004,48145,R
10525.0,2003,48203,U
1000.0,2003,48260,R
6700.0,2003,48094,U
500.0,2004,48439,3
8620.0,2004,48154,D
1200.0,2003,48329,D
7115.0,2004,48135,R
12426.0,2003,48334,U
3200.0,2004,48068,R
3027.0,2004,48207,U
4050.0,2003,48386,U
3600.0,2004,48325,D
2200.0,2003,48051,R
500.0,2003,48153,U
84576.0,2003,48126,R
1000.0,2004,48212,R
31835.0,2004,48310,D
500.0,2004,48211,R
450.0,2004,48049,R
7555.0,2004,48461,D
200.0,2004,48083,L
22265.0,2003,48075,U
38316.0,2004,48084,D
50725.0,2004,48091,D
47075.0,2004,48202,D
9510.0,2004,48038,U
21230.0,2003,48306,U
84959.0,2004,48009,U
500.0,2004,48376,U
5600.0,2004,48182,R
5800.0,2004,48017,D
3800.0,2003,48423,D
4630.0,2004,48357,R
3030.0,2003,48114,U
4070.0,2003,48121,D
961.0,2004,48342,U
67184.0,2004,48221,D
4046.0,2004,48089,U
700.0,2003,48104,L
2000.0,2004,48025,L
61100.0,2004,48201,D
740.0,2003,48144,U
845.0,2003,48069,3
8675.0,2004,48088,D
275.0,2004,48273,U
5900.0,2004,48328,D
4515.0,2003,48335,U
700.0,2004,48023,U
6125.0,2003,48239,D
400.0,2004,48077,D
244477.0,2004,48158,R
16300.0,2003,48303,R
1375.0,2003,48219,U
4548.0,2004,48109,U
7019.0,2004,48079,R
200.0,2004,48142,R
2900.0,2004,48360,R
354.0,2004,48436,U
1861.0,2004,48317,U
1000.0,2003,48032,R
1800.0,2003,48341,U
23212.0,2003,48430,R
38035.0,2003,48105,U
250.0,2003,48347,D
60075.0,2003,48202,R
4150.0,2003,48021,D
3455.0,2004,48090,U
103552.0,2004,48331,D
34200.0,2003,48114,R
8365.0,2003,48117,R
4710.0,2003,48186,R
102569.0,2004,48304,U
5000.0,2004,48214,3
5715.0,2004,48227,D
12164.0,2004,48348,U
5338.0,2003,48362,D
9150.0,2003,48106,R
5950.0,2003,48370,R
205073.0,2004,48126,R
1950.0,2003,48446,D
4750.0,2003,48130,U
26750.0,2003,48329,R
5200.0,2003,48111,U
6103.0,2004,48327,U
1700.0,2004,48145,D
852.0,2004,48198,3
5226.0,2004,48045,D
500.0,2003,48410,D
9050.0,2003,48042,R
146100.0,2003,48214,D
1400.0,2003,48158,U
3999.0,2003,48232,U
600.0,2004,48293,D
37025.0,2003,48152,R
3400.0,2003,48213,U
16181.0,2004,48030,L
29265.0,2004,48322,U
300.0,2004,48308,R
2000.0,2003,48238,R
1951.0,2003,48422,R
6773.0,2004,48185,D
2285.0,2003,48228,D
750.0,2003,48143,R
3000.0,2003,48357,D
95492.0,2004,48106,R
16015.0,2004,48383,R
4500.0,2004,48238,R
6487.0,2004,48095,U
19392.0,2004,48197,U
7500.0,2004,48333,L
6700.0,2003,48462,R
187100.0,2003,48301,R
3319.0,2004,48035,U
1000.0,2003,48082,D
305082.0,2004,48009,R
31186.0,2003,48170,D
2750.0,2003,48090,R
4623.0,2003,48187,U
9498.0,2004,48329,U
350.0,2003,48206,U
4550.0,2003,48038,U
4559.0,2003,48224,D
4550.0,2004,48462,R
2025.0,2004,48216,U
700.0,2003,48124,L
9105.0,2004,48438,D
2000.0,2003,48042,D
15847.0,2004,48180,U
2500.0,2003,48141,R
300.0,2004,48054,D
2091.0,2004,48043,U
7250.0,2004,48106,D
6500.0,2004,48375,D
150.0,2004,48206,R
21879.0,2004,48083,R
6700.0,2004,48128,D
14375.0,2004,48080,R
1761.0,2004,48179,U
4425.0,2003,48377,U
50264.0,2003,48009,U
3000.0,2003,48420,R
5461.0,2003,48316,U
250.0,2004,48161,3
850.0,2003,48090,U
5600.0,2003,48182,R
125719.0,2004,48198,R
2550.0,2003,48224,R
2000.0,2003,48153,R
6883.0,2003,48223,R
1000.0,2003,48461,D
250.0,2003,48064,U
237.0,2004,48415,U
5725.0,2004,48314,D
16650.0,2003,48071,R
700.0,2004,48144,D
250.0,2004,48122,R
2000.0,2003,48350,D
16204.0,2004,48203,U
31250.0,2003,48126,D
5685.0,2003,48382,U
5350.0,2003,48047,D
14784.0,2004,48188,R
6879.0,2003,48124,U
2000.0,2004,48206,D
1000.0,2004,48213,U
1600.0,2004,48412,D
16250.0,2003,48439,D
2500.0,2003,48458,R
55050.0,2003,48334,D
750.0,2003,48141,U
450.0,2003,48370,U
1000.0,2004,48318,D
3335.0,2004,48182,D
346.0,2004,48173,U
64673.0,2003,48302,U
7883.0,2003,48088,R
8957.0,2004,48192,U
1000.0,2003,48254,3
7149.0,2004,48118,U
2310.0,2004,48039,D
7331.0,2004,48346,U
1821.0,2004,48360,U
700.0,2004,48412,R
596.0,2004,48160,U
12177.0,2004,48060,R
6450.0,2003,48127,U
2950.0,2003,48204,D
600.0,2004,48024,D
4350.0,2004,48383,D
200.0,2004,48175,D
2373.0,2004,48135,U
550.0,2004,48217,D
2800.0,2003,48023,R
25525.0,2003,48073,R
8215.0,2003,48227,D
257617.0,2004,48323,R
5250.0,2004,48169,D
500.0,2003,48151,D
450.0,2004,48420,D
829.0,2004,48118,L
4905.0,2003,48198,D
9005.0,2004,48316,R
21000.0,2003,48265,D
1300.0,2003,48347,R
2100.0,2003,48162,U
2775.0,2003,48340,R
9550.0,2003,48333,R
250.0,2004,48233,D
242.0,2003,48419,U
192000.0,2004,48146,U
241.0,2003,48049,U
1000.0,2004,48105,3
20627.0,2004,48126,U
3100.0,2003,48210,U
614450.0,2004,48302,R
29331.0,2004,48116,U
3000.0,2004,48174,D
3700.0,2004,48377,D
700.0,2004,48048,R
25851.0,2004,48045,R
2737.0,2004,48332,U
28000.0,2003,48201,D
240.0,2003,48179,D
36764.0,2004,48323,U
500.0,2004,48201,3
34310.0,2003,48236,U
110319.0,2003,48306,R
11800.0,2003,48085,D
750.0,2003,48106,D
1300.0,2004,48376,R
6500.0,2003,48215,R
29800.0,2004,48390,D
950.0,2004,48069,R
39701.0,2004,48184,R
17800.0,2003,48030,D
750.0,2003,48184,U
618.0,2004,48223,L
500.0,2004,48236,3
500.0,2004,48457,R
11610.0,2004,48035,R
10600.0,2003,48309,U
901.0,2004,48141,U
108538.0,2003,48326,R
711.0,2003,48104,3
17703.0,2004,48192,R
26915.0,2004,48084,U
1300.0,2004,48210,D
3000.0,2003,48311,D
55118.0,2003,48301,D
8270.0,2003,48220,D
-100.0,2004,48070,3
200.0,2003,48318,U
2212.0,2004,48091,U
11905.0,2004,48189,D
3500.0,2004,48005,R
1200.0,2003,48029,D
250.0,2004,48131,D
16463.0,2003,48375,D
3870.0,2004,48381,U
4800.0,2004,48350,U
250.0,2003,48064,D
4115.0,2003,48202,U
23000.0,2004,48265,D
3332.0,2003,48121,U
6950.0,2003,48130,D
2900.0,2003,48315,U
39444.0,2003,48203,D
250.0,2003,48454,R
750.0,2004,48103,3
700.0,2004,48166,R
1000.0,2003,48037,U
3100.0,2003,48329,U
8950.0,2004,48312,R
3450.0,2003,48206,D
9251.0,2004,48327,R
7570.0,2004,48047,R
10002.0,2003,48152,U
18006.0,2003,48150,D
12350.0,2003,48310,R
25150.0,2003,48382,R
1050.0,2003,48161,D
350505.0,2003,48025,R
2400.0,2003,48062,R
58175.0,2004,48342,R
24068.0,2004,48170,U
500.0,2003,48462,U
4000.0,2004,48076,3
27250.0,2004,48223,R
102327.0,2004,48103,U
28950.0,2004,48329,R
24550.0,2003,48038,R
500.0,2002,48302,U
10700.0,2003,48350,R
3641.0,2003,48120,U
500247.0,2003,48302,R
2787.0,2004,48341,U
3500.0,2003,48320,D
3000.0,2004,48023,R
4350.0,2003,48219,R
