2850.0,2006,48114,U
3050.0,2006,48316,D
500.0,2005,48086,R
6450.0,2005,48081,R
725.0,2005,48186,U
3100.0,2006,48341,U
8550.0,2005,48070,R
7350.0,2005,48114,D
9150.0,2005,48124,D
3500.0,2005,48333,L
250.0,2005,48070,3
1800.0,2006,48023,D
2851.0,2006,48161,R
501.0,2006,48035,U
1600.0,2006,48059,U
550.0,2006,48074,R
11056.0,2006,48015,D
2810.0,2005,48316,U
5700.0,2005,48386,R
10200.0,2005,48072,D
250.0,2006,48308,R
241.0,2005,48068,U
250017.0,2006,48231,D
19050.0,2005,48306,D
500.0,2006,48332,R
500.0,2006,48427,R
10351.0,2006,48187,D
500.0,2005,48054,D
6633.0,2006,48195,U
248.0,2006,48204,U
270420.0,2006,48066,D
1400.0,2006,48193,R
200.0,2005,48460,R
1000.0,2006,48439,L
300.0,2006,48027,D
615.0,2006,48137,R
500.0,2006,48182,D
6675.0,2006,48461,D
250.0,2005,48164,D
26115.0,2006,48081,R
3100.0,2006,48082,R
3600.0,2005,48150,D
27100.0,2005,48209,R
200.0,2006,48266,I
23183.0,2005,48130,R
78560.0,2005,48306,R
300.0,2006,48203,I
882.0,2006,48104,3
1000.0,2006,48049,R
5750.0,2006,48462,R
1250.0,2005,48062,U
112565.0,2006,48226,R
108630.0,2005,48214,D
3884.0,2005,48168,D
7941.0,2006,48180,U
17060.0,2006,48044,R
6250.0,2006,48383,U
6141.0,2005,48065,R
4550.0,2005,48060,R
33400.0,2005,48207,R
1050.0,2006,48420,U
2750.0,2006,48380,D
28750.0,2005,48180,R
8800.0,2006,48347,R
15588.0,2005,48126,U
1646805.0,2006,48009,R
68100.0,2005,48301,D
650.0,2006,48091,U
2139.0,2006,48453,U
700.0,2006,48361,R
2500.0,2005,48227,U
160390.0,2006,48306,R
42817.0,2006,48176,R
4750.0,2006,48403,D
300.0,2006,48012,I
1240.0,2005,48111,D
39050.0,2006,48201,R
19265.0,2005,48116,U
12280.0,2005,48108,D
6022.0,2005,48174,U
27384.0,2006,48324,U
5160.0,2005,48375,U
3961.0,2006,48438,D
2750.0,2005,48173,R
20008.0,2005,48176,R
9475.0,2006,48083,U
1000.0,2006,48393,D
35600.0,2005,48237,D
6499.0,2005,48232,U
7500.0,2006,48234,U
7000.0,2005,48036,U
12960.0,2006,48071,U
250.0,2005,48017,U
82083.0,2006,48304,U
15900.0,2005,48178,R
500.0,2006,48140,U
1900.0,2005,48420,U
1250.0,2005,48099,R
750.0,2005,48096,R
2000.0,2006,48237,I
15788.0,2006,48070,U
1000.0,2004,48103,R
3900.0,2005,48183,U
1300.0,2006,48449,R
2050.0,2005,48240,D
1300.0,2005,48357,R
300.0,2006,48024,D
21730.0,2006,48220,D
7400.0,2005,48127,U
300.0,2004,48236,R
12610.0,2006,48327,R
100880.0,2006,48045,R
-10.0,2006,48419,D
1000.0,2006,48157,D
500.0,2005,48106,D
10450.0,2006,48219,D
31813.0,2006,48012,D
300.0,2005,48343,D
14700.0,2005,48317,D
2320.0,2006,48033,R
800.0,2005,48088,R
5000.0,2005,48348,D
610.0,2006,48209,U
22445.0,2005,48152,R
19721.0,2006,48382,R
300.0,2004,48167,U
3095.0,2005,48069,R
725.0,2006,48128,U
5227.0,2006,48089,U
6650.0,2006,48065,D
13200.0,2005,48324,U
1750.0,2005,48138,U
5300.0,2005,48059,R
3500.0,2006,48094,D
83150.0,2005,48302,D
51900.0,2005,48167,R
400.0,2005,48093,L
2250.0,2006,48216,R
7283.0,2006,48219,R
1300.0,2005,48206,D
2100.0,2006,48326,I
750.0,2005,48229,R
2000.0,2006,48033,U
200.0,2006,48027,U
1000.0,2005,48428,R
310.0,2006,48141,U
17480.0,2006,48085,R
13038.0,2006,48213,U
3615.0,2005,48455,R
300.0,2005,48134,R
6425.0,2005,48083,U
93243.0,2005,48331,R
6300.0,2006,48065,R
836.0,2006,48145,U
399240.0,2006,48025,R
26950.0,2005,48374,D
7015.0,2006,48138,U
200.0,2006,48167,I
1000.0,2005,48061,U
6047.0,2005,48309,U
10853.0,2006,48127,D
250.0,2006,48387,R
6000.0,2006,48429,D
4230.0,2005,48336,D
14125.0,2005,48346,R
300.0,2004,48138,U
10850.0,2005,48220,D
1000.0,2006,48379,R
10600.0,2005,48313,R
1100.0,2005,48332,U
13774.0,2005,48219,R
800.0,2006,48457,R
750.0,2006,48360,D
500.0,2006,48084,I
550.0,2005,48158,D
1000.0,2005,48076,I
23651.0,2005,48439,R
2000.0,2006,48376,D
211.0,2006,48164,U
5300.0,2005,48375,D
1430.0,2005,48118,U
1000.0,2005,48353,R
2281.0,2005,48362,U
29250.0,2005,48214,R
16250.0,2006,48212,D
20855.0,2006,48127,R
2050.0,2005,48188,D
303879.0,2006,48104,R
250.0,2005,48461,U
250.0,2006,48428,R
9000.0,2005,48303,U
8189.0,2005,48079,R
12220.0,2005,48382,R
3750.0,2005,48333,D
1981.0,2006,48386,U
7250.0,2006,48045,D
1500.0,2006,48193,D
19610.0,2006,48108,D
2100.0,2006,48323,I
5300.0,2006,48095,U
78505.0,2006,48105,U
750.0,2005,48451,U
470.0,2005,48223,U
5500.0,2005,48165,U
1000.0,2006,48061,U
1700.0,2006,48341,D
2615.0,2006,48353,U
1700.0,2005,48363,R
600.0,2005,48184,D
2950.0,2005,48433,D
3100.0,2005,48243,R
1282.0,2005,48453,U
6701.0,2006,48174,U
3050.0,2006,48212,R
250.0,2005,48329,D
6615.0,2006,48363,R
250.0,2006,48015,U
800.0,2005,48421,R
500.0,2005,48182,D
250.0,2005,48223,L
7200.0,2006,48433,D
5130.0,2006,48223,D
7324.0,2006,48386,R
9155.0,2006,48038,D
9930.0,2005,48188,R
2200.0,2005,48347,R
2600.0,2006,48322,I
451.0,2005,48082,R
335.0,2006,48226,3
2550.0,2006,48341,R
37990.0,2005,48071,D
48225.0,2005,48091,D
34958.0,2006,48230,U
4350.0,2006,48043,R
3250.0,2005,48174,D
350.0,2005,48136,U
4000.0,2006,48037,I
750.0,2005,48026,R
6250.0,2005,48383,U
34362.0,2006,48170,D
8680.0,2005,48239,R
1000.0,2005,48214,L
7250.0,2006,48184,R
21050.0,2005,48313,D
9085.0,2006,48187,R
6643.0,2005,48187,U
13550.0,2005,48154,R
49700.0,2005,48334,D
4600.0,2006,48076,I
227983.0,2006,48009,D
13930.0,2006,48091,R
4260.0,2005,48380,D
250.0,2005,48429,U
250000.0,2004,48121,R
550.0,2005,48320,D
7750.0,2006,48144,R
2900.0,2005,48089,U
448.0,2005,48456,U
2209.0,2005,48093,U
73884.0,2005,48105,R
4300.0,2005,48183,D
17786.0,2006,48154,R
1550.0,2005,48370,R
200.0,2006,48421,R
1746.0,2005,48423,R
617838.0,2006,48302,R
438372.0,2006,48301,R
250.0,2005,48242,D
1750.0,2006,48216,U
500.0,2006,48088,R
300.0,2005,48347,D
530.0,2005,48422,R
500.0,2006,48413,R
6070.0,2006,48094,R
1500.0,2005,48081,D
250.0,2005,48068,D
15410.0,2006,48430,R
1425.0,2005,48314,U
1000.0,2005,48442,D
42250.0,2005,48034,D
6130.0,2005,48091,R
34075.0,2006,48213,R
615.0,2005,48444,R
23037.0,2006,48130,D
450.0,2006,48458,R
3325.0,2005,48012,D
17950.0,2006,48114,R
55975.0,2005,48322,R
1000.0,2006,48121,U
1000.0,2005,48007,R
349390.0,2005,48302,R
26700.0,2006,48089,D
1700.0,2006,48462,D
35090.0,2006,48067,D
3000.0,2006,48333,L
1550.0,2005,48442,R
1000.0,2005,48118,D
4850.0,2005,48047,D
2000.0,2005,48185,D
1200.0,2005,48350,U
2980.0,2006,48413,U
4000.0,2005,48211,R
8675.0,2005,48212,R
14800.0,2005,48203,R
750.0,2005,48065,U
965.0,2005,48017,R
10815.0,2006,48309,U
250.0,2006,48230,I
753.0,2005,48457,U
700.0,2005,48449,U
200.0,2005,48416,R
3500.0,2006,48412,U
500.0,2006,48327,D
13350.0,2005,48333,U
3250.0,2006,48117,U
4550.0,2006,48209,D
24450.0,2005,48232,D
4870.0,2005,48036,D
77700.0,2005,48012,R
1950.0,2006,48357,R
27415.0,2006,48439,R
11865.0,2006,48188,R
990.0,2006,48160,U
7860.0,2006,48090,U
550.0,2005,48158,R
5465.0,2006,48201,U
68140.0,2005,48126,D
1860.0,2006,48095,R
24025.0,2006,48098,D
200.0,2006,48005,U
1800.0,2005,48051,U
200.0,2006,48412,R
50686.0,2006,48331,D
250.0,2005,48427,R
3400.0,2006,48017,D
6450.0,2006,48150,U
15547.0,2005,48075,U
3250.0,2005,48111,U
6750.0,2006,48381,R
10950.0,2005,48374,R
300.0,2005,48453,D
220.0,2005,48173,U
4455.0,2006,48239,U
28400.0,2006,48083,R
1600.0,2005,48107,U
12700.0,2005,48198,R
1098.0,2006,48118,L
18440.0,2006,48371,R
1250.0,2005,48161,U
3250.0,2006,48158,D
2650.0,2006,48015,R
300.0,2006,48198,3
51550.0,2006,48203,D
1000.0,2006,48065,U
14950.0,2005,48076,D
300.0,2005,48095,R
139201.0,2006,48103,R
250.0,2005,48376,R
26849.0,2005,48037,R
23224.0,2006,48170,U
12736.0,2006,48183,U
650.0,2006,48237,U
900.0,2005,48441,U
57590.0,2006,48126,R
500.0,2005,48336,I
10000.0,2005,48423,U
2175.0,2006,48068,U
21821.0,2006,48336,R
700.0,2005,48415,R
2500.0,2005,48380,U
400.0,2005,48420,D
5000.0,2006,48006,D
39850.0,2006,48070,D
2850.0,2005,48362,R
6850.0,2006,48154,D
581910.0,2006,48098,R
3300.0,2005,48120,D
300.0,2005,48461,R
2300.0,2006,48096,R
1654.0,2006,48135,U
42319.0,2006,48030,D
4250.0,2005,48009,I
4750.0,2005,48080,D
229.0,2006,48030,L
2857.0,2006,48433,U
10300.0,2005,48021,D
26481.0,2006,48221,D
601.0,2006,48049,U
15665.0,2005,48223,R
25050.0,2006,48025,I
24025.0,2006,48202,R
38650.0,2006,48202,D
300.0,2006,48087,D
15013.0,2005,48433,R
229.0,2005,48370,U
3900.0,2005,48205,D
1000.0,2005,48226,I
26360.0,2005,48030,D
8900.0,2005,48202,U
5125.0,2006,48060,D
4975.0,2006,48346,U
7350.0,2006,48120,D
500.0,2006,48458,U
4947.0,2005,48197,D
300.0,2006,48318,U
11950.0,2006,48303,U
250.0,2005,48216,U
300.0,2005,48341,D
1250.0,2005,48035,R
67500.0,2005,48265,R
15050.0,2005,48461,D
14820.0,2006,48306,U
5851.0,2005,48082,U
2865.0,2005,48455,U
4490.0,2006,48362,R
3250.0,2006,48040,D
800.0,2006,48193,U
24977.0,2006,48375,R
88907.0,2006,48334,D
1500.0,2006,48125,U
104331.0,2006,48105,D
250.0,2005,48064,D
9500.0,2005,48073,R
5405.0,2006,48118,R
6200.0,2005,48309,D
800.0,2005,48223,D
1450.0,2006,48138,D
1240.0,2006,48164,R
500.0,2005,48128,R
58955.0,2006,48091,D
6675.0,2005,48239,U
21990.0,2006,48167,U
21716.0,2006,48071,R
36686.0,2006,48310,D
1500.0,2005,48363,U
3321.0,2005,48038,U
1003.0,2006,48210,D
2100.0,2005,48315,U
8650.0,2006,48430,D
1750.0,2005,48160,R
250.0,2005,48165,R
6950.0,2006,48340,D
103059.0,2005,48076,U
1250.0,2005,48462,R
89975.0,2005,48126,R
2360.0,2006,48094,U
11780.0,2006,48335,D
212.0,2006,48205,U
5900.0,2005,48111,R
725.0,2005,48166,U
3115.0,2006,48451,R
2918.0,2006,48062,U
216.0,2006,48240,U
7430.0,2005,48182,R
300.0,2006,48350,U
67841.0,2005,48146,U
81406.0,2006,48009,U
32000.0,2006,48121,R
74398.0,2005,48084,R
3815.0,2006,48026,R
2550.0,2006,48169,U
1000.0,2006,48107,U
6925.0,2006,48154,U
2800.0,2005,48386,U
109694.0,2005,48324,R
900.0,2005,48213,D
11900.0,2006,48182,R
900.0,2005,48342,D
4500.0,2006,48333,D
4570.0,2006,48187,U
300.0,2006,48017,U
7500.0,2005,48232,R
119357.0,2006,48226,D
700.0,2006,48198,I
1000.0,2005,48427,U
6725.0,2005,48178,U
219.0,2006,48133,U
1209.0,2006,48232,U
1580.0,2005,48158,U
19450.0,2006,48068,R
500.0,2006,48096,D
2500.0,2005,48202,D
1000.0,2006,48075,I
136117.0,2005,48025,D
37175.0,2005,48371,R
42417.0,2005,48226,U
300.0,2006,48458,D
220.0,2006,48453,R
1315.0,2005,48114,U
8615.0,2006,48313,R
900.0,2005,48125,R
207.0,2005,48219,U
3100.0,2005,48201,U
4200.0,2005,48308,R
5000.0,2005,48131,U
1495.0,2006,48045,U
4510.0,2005,48220,R
2000.0,2005,48356,D
20843.0,2006,48334,U
301695.0,2005,48146,D
470.0,2006,48418,R
72605.0,2006,48331,R
11465.0,2005,48374,U
250.0,2005,48186,L
2250.0,2006,48106,D
9700.0,2005,48314,D
89793.0,2005,48098,R
1650.0,2006,48186,D
179055.0,2006,48326,R
21625.0,2006,48116,D
250.0,2006,48321,R
1500.0,2005,48084,I
6426.0,2006,48080,U
1200.0,2005,48217,R
3380.0,2005,48154,D
2400.0,2005,48186,R
2250.0,2005,48037,U
63915.0,2006,48152,R
8136.0,2006,48307,U
6588.0,2006,48085,U
450.0,2006,48040,R
500.0,2005,48134,U
500.0,2005,48040,D
3724.0,2005,48180,U
365.0,2005,48064,R
750.0,2005,48350,D
303.0,2005,48220,3
450.0,2006,48135,R
1170.0,2005,48185,U
4450.0,2006,48186,R
300.0,2006,48009,3
12962.0,2006,48197,D
250.0,2006,48195,I
2750.0,2006,48206,D
500.0,2005,48028,R
10760.0,2005,48090,U
2100.0,2006,48204,R
43664.0,2006,48138,R
2037.0,2006,48131,D
8225.0,2005,48439,U
4880.0,2006,48066,R
2900.0,2005,48174,R
9250.0,2006,48188,D
9620.0,2006,48202,U
13715.0,2005,48203,U
2475.0,2006,48160,D
250.0,2005,48340,D
59325.0,2005,48236,D
2000.0,2005,48382,D
300.0,2006,48133,D
5300.0,2005,48185,R
4100.0,2006,48390,I
5568.0,2006,48374,U
300.0,2006,48439,3
2093.0,2005,48328,U
1550.0,2006,48243,R
7200.0,2006,48035,D
1121.0,2005,48072,U
1000.0,2006,48434,U
2110.0,2006,48192,U
6048.0,2005,48310,R
22859.0,2005,48075,D
4900.0,2006,48302,I
56669.0,2005,48104,U
200.0,2005,48030,L
500.0,2006,48151,R
2260.0,2005,48162,U
725.0,2006,48066,U
2250.0,2005,48060,U
21875.0,2006,48335,R
33986.0,2005,48105,U
1500.0,2005,48037,I
23531.0,2006,48390,R
4450.0,2006,48185,D
200.0,2006,48034,3
4299.0,2006,48182,U
10100.0,2006,48363,D
82800.0,2005,48213,R
1300.0,2006,48128,R
1000.0,2005,48438,U
28539.0,2006,48073,D
195394.0,2006,48116,R
450.0,2006,48069,3
1550.0,2006,48173,D
250.0,2006,48020,D
1300.0,2005,48218,R
15250.0,2006,48089,R
5140.0,2006,48214,R
2080.0,2006,48217,R
28150.0,2006,48306,D
45350.0,2006,48203,R
240.0,2006,48095,D
4441.0,2006,48162,U
9599.0,2005,48195,U
178005.0,2005,48301,R
7200.0,2006,48328,D
4146.0,2006,48225,U
1000.0,2006,48137,U
1750.0,2005,48097,D
84248.0,2005,48304,U
6144.0,2006,48235,R
1035.0,2005,48442,U
1000.0,2005,48371,D
75472.0,2006,48323,D
9638.0,2005,48176,U
600.0,2005,48152,I
46964.0,2005,48167,D
500.0,2005,48026,U
58575.0,2006,48346,R
3550.0,2005,48044,U
250.0,2005,48440,D
-16.0,2005,48205,U
11835.0,2006,48067,U
1545.0,2006,48021,R
4250.0,2006,48109,U
1250.0,2006,48377,D
9400.0,2005,48184,R
950.0,2005,48122,D
5000.0,2005,48066,R
32500.0,2005,48342,R
800.0,2005,48051,3
1250.0,2005,48357,D
3200.0,2006,48032,D
250.0,2005,48360,D
250000.0,2004,48304,R
22385.0,2006,48084,U
7200.0,2005,48234,R
22350.0,2006,48237,D
34150.0,2006,48092,R
2050.0,2006,48069,R
18700.0,2005,48381,R
4250.0,2005,48390,U
32200.0,2005,48310,D
9000.0,2005,48430,D
250.0,2006,48036,I
19250.0,2006,48067,R
27450.0,2006,48439,D
250.0,2005,48301,L
116604.0,2006,48104,D
1075.0,2005,48184,U
280.0,2006,48343,U
33999.0,2005,48275,R
200.0,2005,48327,D
285.0,2005,48436,D
250.0,2006,48144,D
1000.0,2006,48460,U
22910.0,2006,48455,R
26327.0,2005,48108,R
5724.0,2006,48342,U
500.0,2005,48122,R
275.0,2006,48116,3
700.0,2005,48094,U
4200.0,2006,48026,D
69700.0,2005,48201,R
500.0,2005,48025,L
51903.0,2006,48025,U
212996.0,2006,48214,D
200.0,2006,48215,U
20975.0,2005,48098,D
-130.0,2006,48308,D
8650.0,2005,48315,D
3200.0,2006,48107,D
3500.0,2005,48080,R
12300.0,2006,48069,D
68899.0,2006,48324,D
1000.0,2006,48086,D
7700.0,2006,48363,U
1000.0,2006,48043,I
17910.0,2005,48170,D
5424.0,2006,48120,U
6900.0,2006,48034,I
7500.0,2005,48207,D
4600.0,2006,48207,U
7000.0,2006,48342,R
800.0,2005,48023,R
250.0,2006,48081,I
200.0,2005,48186,D
200.0,2006,48256,D
2650.0,2005,48219,D
750.0,2005,48165,D
9181.0,2006,48178,D
290583.0,2006,48304,D
2500.0,2005,48130,I
1750.0,2006,48162,D
6150.0,2005,48059,D
3950.0,2005,48138,D
2900.0,2005,48204,R
5000.0,2005,48109,U
1100.0,2006,48225,D
250.0,2005,48095,D
1050.0,2005,48450,R
1000.0,2005,48376,U
3110.0,2006,48329,D
700.0,2006,48186,U
1080.0,2006,48128,D
7200.0,2005,48304,I
9925.0,2006,48060,R
1500.0,2005,48169,D
64450.0,2006,48226,U
12175.0,2006,48044,D
1457.0,2006,48422,U
800.0,2006,48032,R
24029.0,2005,48301,U
1000.0,2006,48109,D
1500.0,2005,48060,D
618.0,2006,48197,L
29416.0,2005,48307,R
565291.0,2005,48304,R
4150.0,2005,48235,D
600.0,2006,48041,R
30400.0,2006,48374,R
1500.0,2005,48225,U
70450.0,2005,48324,D
11950.0,2006,48375,D
41129.0,2005,48025,U
391243.0,2006,48236,R
500.0,2006,48010,R
3700.0,2006,48367,R
1550.0,2006,48035,R
4276.0,2005,48047,U
1340.0,2005,48072,R
4550.0,2005,48092,R
7250.0,2005,48187,D
82850.0,2005,48322,D
3493.0,2006,48042,U
2950.0,2005,48446,U
1940.0,2005,48205,R
2200.0,2006,48111,D
3800.0,2006,48039,D
2600.0,2006,48213,D
3085.0,2005,48005,R
1301.0,2006,48134,D
2265.0,2005,48377,U
350.0,2005,48013,U
3500.0,2006,48120,R
995.0,2006,48350,D
14250.0,2005,48083,D
400.0,2005,48042,R
30036.0,2006,48075,R
500.0,2006,48383,D
1500.0,2006,48420,D
28898.0,2005,48034,U
200.0,2005,48191,U
2020.0,2005,48393,U
141806.0,2006,48103,D
1850.0,2006,48423,R
10375.0,2005,48043,D
5700.0,2005,48213,U
750.0,2006,48069,U
1895.0,2005,48035,U
4285.0,2005,48381,U
1100.0,2005,48244,R
3700.0,2006,48312,U
400.0,2006,48224,3
4000.0,2006,48226,I
4550.0,2005,48224,R
1000.0,2006,48260,R
27425.0,2005,48070,D
19170.0,2005,48084,U
432.0,2005,48104,3
500.0,2006,48143,D
375.0,2006,48320,U
1460.0,2005,48318,U
1950.0,2005,48107,D
13671.0,2006,48152,D
5900.0,2006,48059,R
2400.0,2005,48346,D
2505.0,2005,48327,R
245086.0,2005,48236,R
11966.0,2005,48320,R
2300.0,2005,48367,R
1000.0,2006,48101,U
7865.0,2006,48036,R
48652.0,2005,48075,R
1000.0,2005,48403,D
300.0,2006,48046,R
2120.0,2006,48442,U
707.0,2005,48237,U
900.0,2006,48074,U
28005.0,2006,48333,R
5000.0,2006,48214,3
12300.0,2005,48315,R
73085.0,2006,48167,R
1980.0,2006,48021,U
17775.0,2005,48235,R
6970.0,2006,48099,R
25890.0,2006,48073,R
29675.0,2006,48076,R
500.0,2006,48165,D
3225.0,2005,48081,U
450.0,2005,48005,U
27450.0,2006,48111,R
9750.0,2005,48336,U
13370.0,2006,48124,U
2215.0,2006,48350,R
250.0,2005,48458,U
1250.0,2005,48162,D
760.0,2005,48220,U
3050.0,2006,48047,D
9779.0,2005,48197,R
2300.0,2006,48039,R
79732.0,2006,48092,D
700.0,2006,48218,R
1000.0,2006,48154,3
1100.0,2005,48228,D
23021.0,2005,48138,R
11700.0,2005,48329,R
1000.0,2005,48383,D
1000.0,2006,48181,R
14071.0,2006,48317,D
10850.0,2006,48101,R
57450.0,2006,48012,R
1000.0,2005,48097,R
2850.0,2005,48094,R
123635.0,2005,48326,R
2650.0,2005,48169,R
22821.0,2005,48114,R
750.0,2005,48360,U
3030.0,2006,48360,R
19801.0,2005,48067,D
3950.0,2006,48371,U
916.0,2006,48134,U
1225.0,2005,48135,R
1600.0,2005,48340,U
300.0,2005,48007,D
2500.0,2005,48117,U
1500.0,2006,48325,D
9610.0,2005,48015,D
500.0,2006,48145,D
1600.0,2006,48427,U
200.0,2006,48214,I
36650.0,2005,48085,D
5400.0,2005,48176,D
4620.0,2005,48221,U
900.0,2006,48416,D
1775.0,2005,48021,U
250.0,2006,48166,R
2750.0,2005,48043,U
1250.0,2005,48415,U
32459.0,2006,48374,D
-2300.0,2005,48125,D
11850.0,2005,48044,D
1500.0,2005,48193,D
64666.0,2005,48239,D
9989.0,2006,48168,U
14465.0,2006,48098,U
3538.0,2005,48120,U
7750.0,2005,48206,R
15895.0,2006,48331,U
415.0,2006,48099,D
43831.0,2006,48348,R
4450.0,2006,48104,I
6915.0,2005,48380,R
300.0,2006,48014,D
2200.0,2005,48015,R
2400.0,2005,48322,I
28415.0,2006,48433,R
975.0,2005,48069,3
13500.0,2005,48446,D
5000.0,2005,48359,U
750.0,2006,48158,U
5160.0,2005,48101,R
11505.0,2006,48382,U
250.0,2006,48176,I
250.0,2005,48367,D
300.0,2006,48145,R
38476.0,2006,48307,R
137851.0,2005,48104,R
9800.0,2005,48307,D
1150.0,2005,48039,U
8645.0,2006,48380,R
2450.0,2006,48316,U
10200.0,2006,48080,R
3225.0,2006,48178,U
450.0,2006,48461,R
6825.0,2006,48150,R
8475.0,2005,48071,R
3180.0,2005,48433,U
54720.0,2006,48377,R
2000.0,2005,48088,U
26500.0,2006,48107,R
1400.0,2006,48450,R
2650.0,2005,48328,D
1206.0,2005,48381,D
5300.0,2005,48095,U
112505.0,2006,48192,D
475.0,2006,48026,U
1337.0,2005,48216,R
2900.0,2005,48361,D
7315.0,2006,48125,R
80645.0,2006,48236,D
23500.0,2006,48265,R
3050.0,2006,48228,R
24774.0,2006,48275,U
4250.0,2005,48323,I
2242.0,2006,48340,U
10400.0,2005,48107,R
1318.0,2006,48441,U
250.0,2005,48186,I
1700.0,2006,48446,U
2141.0,2006,48362,U
13550.0,2005,48312,D
25890.0,2005,48045,R
13750.0,2005,48314,R
750.0,2005,48436,R
200.0,2006,48229,R
51000.0,2006,48243,U
9650.0,2006,48183,D
359.0,2006,48382,L
2900.0,2006,48192,R
14085.0,2005,48322,U
2728.0,2005,48085,U
1000.0,2006,48133,R
14000.0,2005,48328,R
3200.0,2006,48198,U
6350.0,2005,48162,R
300.0,2006,48028,U
5750.0,2005,48067,U
2000.0,2006,48037,U
950.0,2005,48310,U
1066.0,2005,48168,U
600.0,2005,48066,U
359.0,2006,48198,L
13720.0,2005,48341,R
4100.0,2005,48438,R
112376.0,2005,48170,R
265050.0,2006,48146,D
2500.0,2006,48370,R
5650.0,2006,48317,R
20700.0,2006,48310,R
4285.0,2006,48184,U
3100.0,2006,48059,D
500.0,2005,48049,U
1600.0,2006,48240,R
105125.0,2005,48076,R
850.0,2005,48413,R
1500.0,2006,48195,D
3250.0,2005,48037,D
500.0,2005,48151,D
12802.0,2006,48169,R
300.0,2005,48192,R
1000.0,2005,48375,I
3400.0,2004,48324,U
450.0,2006,48122,R
1550.0,2005,48134,D
4325.0,2006,48375,U
9100.0,2006,48325,R
3600.0,2006,48160,R
125387.0,2005,48323,D
3300.0,2005,48243,D
1500.0,2006,48414,D
800.0,2005,48128,D
5650.0,2005,48043,R
3839.0,2006,48152,U
9352.0,2005,48073,U
2622.0,2006,48144,U
17750.0,2006,48370,D
4200.0,2006,48025,L
72143.0,2006,48104,U
1765.0,2006,48420,R
19056.0,2006,48309,D
1190.0,2005,48112,U
3900.0,2005,48051,R
3550.0,2005,48082,D
1800.0,2005,48195,D
10550.0,2006,48174,R
21792.0,2005,48170,U
2600.0,2006,48218,D
200.0,2006,48143,R
4800.0,2005,48069,D
4929.0,2006,48381,U
8656.0,2005,48227,R
2800.0,2006,48442,D
10490.0,2006,48234,D
500.0,2006,48125,D
775.0,2006,48135,D
2050.0,2006,48082,D
3600.0,2005,48017,D
5850.0,2005,48124,U
4575.0,2005,48152,D
833.0,2005,48189,R
72081.0,2006,48103,U
3100.0,2005,48382,U
1500.0,2005,48393,D
10000.0,2005,48325,D
4106.0,2006,48313,U
1000.0,2006,48370,U
250.0,2005,48415,D
3550.0,2005,48141,R
13160.0,2006,48168,D
4380.0,2006,48316,R
119765.0,2005,48323,R
27065.0,2006,48075,D
8300.0,2006,48227,R
17400.0,2005,48333,R
61507.0,2006,48034,D
2100.0,2005,48340,R
205.0,2005,48094,D
1800.0,2006,48238,D
34100.0,2005,48084,D
5000.0,2005,48034,I
6266.0,2006,48320,D
2925.0,2005,48178,D
5153.0,2006,48047,U
6950.0,2005,48021,R
3850.0,2006,48382,D
28115.0,2005,48331,D
35515.0,2006,48393,R
4800.0,2005,48316,R
950.0,2005,48225,D
15650.0,2005,48089,R
250.0,2005,48386,D
500.0,2006,48023,R
4600.0,2006,48189,D
19145.0,2005,48230,U
104837.0,2005,48150,U
13414.0,2006,48073,U
450.0,2006,48375,I
78360.0,2006,48302,U
17939.0,2005,48439,D
1150.0,2005,48423,D
4471.0,2006,48240,D
250.0,2006,48166,D
950.0,2006,48068,D
300.0,2006,48422,R
13002.0,2006,48176,D
3875.0,2005,48228,R
254625.0,2005,48214,U
3100.0,2005,48383,R
1500.0,2005,48377,D
107097.0,2006,48105,R
399.0,2006,48084,L
5300.0,2005,48209,U
14400.0,2005,48303,R
400.0,2006,48048,D
8702.0,2006,48127,U
151279.0,2006,48170,R
3550.0,2006,48158,R
23590.0,2006,48124,D
23280.0,2006,48323,U
99547.0,2006,48198,R
2750.0,2006,48301,I
13639.0,2006,48126,U
6100.0,2005,48093,R
1300.0,2006,48039,U
2350.0,2005,48026,D
31100.0,2006,48085,D
3450.0,2005,48168,R
23813.0,2005,48326,U
2434.0,2006,48362,D
210.0,2006,48030,U
1100.0,2006,48088,U
251000.0,2006,48153,R
500.0,2006,48210,R
310.0,2006,48461,U
13100.0,2006,48238,R
20400.0,2005,48083,R
88005.0,2005,48243,U
9766.0,2006,48328,R
375.0,2006,48418,U
1050.0,2005,48421,D
5900.0,2005,48334,I
3601.0,2005,48189,D
8865.0,2006,48223,R
28900.0,2006,48303,D
7995.0,2005,48188,U
56480.0,2005,48009,U
53000.0,2006,48275,R
13995.0,2006,48197,U
-140.0,2006,48186,3
800.0,2005,48444,D
5525.0,2006,48188,U
1500.0,2006,48423,D
500.0,2005,48074,U
815.0,2006,48415,U
19500.0,2005,48068,R
114075.0,2005,48092,D
9435.0,2005,48307,U
75062.0,2005,48103,D
20395.0,2005,48066,D
2000.0,2006,48051,D
250.0,2006,48137,D
99261.0,2006,48322,D
1700.0,2006,48185,R
5762.0,2005,48335,U
8795.0,2006,48314,D
200.0,2006,48353,D
2102.0,2005,48144,U
500.0,2005,48010,D
1100.0,2005,48014,R
970.0,2006,48205,R
-25.0,2005,48206,U
500.0,2005,48414,U
9000.0,2006,48312,D
500.0,2006,48242,D
2605.0,2006,48173,R
815.0,2006,48028,R
13450.0,2006,48037,R
4800.0,2006,48036,D
11520.0,2005,48430,R
7215.0,2005,48377,R
27390.0,2005,48124,R
75000.0,2006,48318,R
867310.0,2006,48304,R
27650.0,2006,48333,U
4500.0,2005,48180,D
13200.0,2006,48237,R
1000.0,2005,48177,R
93068.0,2006,48301,D
2159.0,2006,48185,U
162592.0,2005,48034,R
850.0,2005,48357,U
5858.0,2006,48235,D
750.0,2006,48227,U
600.0,2005,48412,D
44900.0,2005,48302,U
3900.0,2006,48430,U
3375.0,2006,48455,U
14275.0,2006,48130,U
1700.0,2006,48079,U
250.0,2005,48418,U
300.0,2006,48317,U
205587.0,2005,48009,D
1500.0,2006,48361,D
500.0,2006,48359,D
300.0,2006,48062,D
2500.0,2005,48430,U
1000.0,2005,48414,D
13250.0,2006,48176,U
6350.0,2006,48169,D
11650.0,2006,48313,D
5800.0,2006,48239,D
8320.0,2005,48038,D
38636.0,2006,48108,R
31115.0,2006,48038,R
3650.0,2006,48043,U
300.0,2005,48097,U
14892.0,2006,48336,U
5085.0,2006,48329,U
950.0,2006,48030,R
1835.0,2005,48099,D
2585.0,2006,48081,U
77061.0,2006,48236,U
4657.0,2005,48154,U
17000.0,2006,48275,D
1300.0,2006,48134,R
10594.0,2005,48130,U
450.0,2005,48429,R
1000.0,2006,48260,I
2700.0,2006,48234,R
4450.0,2006,48331,I
27000.0,2005,48221,R
14050.0,2006,48315,D
31419.0,2005,48323,U
1350.0,2005,48079,U
2950.0,2005,48420,R
2205.0,2006,48093,U
7925.0,2006,48239,R
8273.0,2005,48275,U
12225.0,2006,48383,R
11550.0,2005,48183,R
2363.0,2005,48045,D
2071.0,2006,48327,U
950.0,2005,48069,U
250.0,2006,48218,U
800.0,2005,48092,U
500.0,2006,48393,U
200.0,2006,48436,D
9870.0,2005,48038,R
200.0,2005,48063,R
2100.0,2006,48097,D
265.0,2006,48119,D
74186.0,2005,48230,R
1454.0,2006,48348,D
750.0,2006,48184,D
250.0,2005,48039,D
200.0,2005,48049,D
21750.0,2006,48126,D
48010.0,2005,48103,U
7321.0,2005,48329,U
500.0,2006,48342,D
26350.0,2006,48334,I
78385.0,2006,48309,R
1000.0,2006,48376,U
2000.0,2005,48333,I
10655.0,2006,48114,D
52522.0,2006,48178,R
300.0,2005,48208,D
86452.0,2005,48104,D
7406.0,2005,48070,U
4533.0,2006,48377,U
300.0,2006,48236,I
13455.0,2006,48224,D
13150.0,2005,48331,U
500.0,2006,48387,D
450.0,2006,48130,I
500.0,2005,48334,3
2750.0,2005,48303,D
1750.0,2006,48208,D
750.0,2005,48117,R
500.0,2005,48412,U
1635.0,2005,48101,U
1801.0,2005,48313,U
78388.0,2005,48309,R
3250.0,2005,48161,R
38500.0,2006,48084,D
8008.0,2006,48320,R
500.0,2006,48449,U
113418.0,2006,48323,R
3359.0,2006,48104,L
2150.0,2005,48238,D
2750.0,2006,48017,R
126005.0,2005,48202,R
750.0,2006,48166,U
86870.0,2006,48034,R
140325.0,2006,48230,R
1651.0,2005,48118,R
500.0,2006,48006,U
1650.0,2006,48228,D
8456.0,2006,48072,D
700.0,2006,48124,L
650.0,2005,48136,R
250.0,2006,48037,D
288.0,2006,48356,U
12200.0,2006,48021,D
4875.0,2005,48198,D
5800.0,2006,48042,R
37300.0,2006,48047,R
178955.0,2005,48025,R
6285.0,2005,48187,R
13015.0,2005,48237,R
4601.0,2005,48062,R
1000.0,2005,48353,U
280.0,2005,48221,3
200.0,2005,48183,L
1000.0,2006,48223,U
5770.0,2005,48085,R
1550.0,2005,48341,U
21342.0,2005,48306,U
865.0,2006,48180,R
3445.0,2006,48038,U
6165.0,2006,48183,R
712.0,2006,48451,U
2250.0,2006,48044,U
15051.0,2005,48150,R
34792.0,2005,48167,U
36750.0,2005,48067,R
1100.0,2006,48353,R
300.0,2005,48023,D
6060.0,2005,48071,U
15750.0,2005,48370,D
7500.0,2006,48072,R
7065.0,2005,48106,R
57211.0,2005,48103,R
2160.0,2005,48135,U
16375.0,2005,48203,D
107897.0,2006,48235,U
250.0,2006,48105,I
4240.0,2005,48042,U
26125.0,2005,48336,R
23200.0,2005,48335,R
10450.0,2005,48325,R
365.0,2006,48064,R
900.0,2005,48207,U
2300.0,2005,48413,U
11472.0,2005,48197,U
12015.0,2006,48161,D
5978.0,2005,48121,U
1100.0,2006,48074,D
4350.0,2006,48332,U
2569.0,2005,48192,U
5730.0,2006,48335,U
37465.0,2005,48116,R
624.0,2006,48159,U
300.0,2006,48014,R
8600.0,2006,48051,U
80178.0,2006,48043,D
2800.0,2006,48216,D
500.0,2005,48208,R
2650.0,2005,48451,R
141150.0,2005,48304,D
16425.0,2006,48322,U
5400.0,2006,48131,U
2450.0,2005,48224,D
10400.0,2005,48047,R
136595.0,2006,48324,R
-25.0,2005,48133,R
400.0,2006,48049,D
3622.0,2005,48327,U
1250.0,2006,48117,R
4400.0,2005,48035,D
8500.0,2005,48215,R
10500.0,2005,48130,D
1000.0,2006,48121,D
950.0,2006,48462,U
1800.0,2006,48376,I
36250.0,2006,48093,D
1000.0,2005,48114,I
57132.0,2006,48076,U
500.0,2006,48328,U
250.0,2005,48363,3
46603.0,2006,48301,U
13090.0,2006,48214,U
-3500.0,2005,48362,D
500.0,2006,48413,D
1150.0,2005,48240,R
6213.0,2006,48151,D
500.0,2005,48049,R
303.0,2005,48034,3
11325.0,2006,48227,D
2543.0,2005,48065,D
15900.0,2005,48393,R
13611.0,2005,48127,R
3000.0,2006,48118,D
7149.0,2006,48390,D
55853.0,2005,48230,D
2870.0,2006,48111,U
300.0,2006,48328,I
750.0,2006,48073,I
2250.0,2006,48312,R
16250.0,2006,48265,D
16243.0,2005,48334,U
107550.0,2006,48180,D
717.0,2005,48458,R
11400.0,2005,48101,D
300.0,2005,48024,D
11850.0,2005,48335,D
1300.0,2006,48174,D
2250.0,2005,48141,U
1900.0,2005,48059,U
1900.0,2005,48209,D
1325.0,2006,48165,U
2200.0,2005,48039,R
3650.0,2005,48030,R
3150.0,2005,48312,R
19462.0,2005,48127,D
1750.0,2005,48238,R
9365.0,2006,48036,U
3500.0,2006,48219,U
120597.0,2006,48084,R
2495.0,2005,48317,U
865.0,2005,48169,U
14190.0,2005,48363,D
500.0,2005,48054,U
675.0,2006,48442,R
1250.0,2006,48033,D
13000.0,2006,48215,D
7250.0,2006,48009,I
28850.0,2006,48106,R
450.0,2005,48146,R
1800.0,2005,48161,D
1723.0,2006,48224,U
500.0,2006,48204,D
136750.0,2006,48232,D
2963.0,2005,48346,U
750.0,2006,48092,U
250.0,2005,48450,U
32470.0,2006,48203,U
1400.0,2005,48356,R
12215.0,2006,48070,R
500.0,2005,48164,U
2925.0,2006,48060,U
60800.0,2005,48226,D
613.0,2005,48027,U
6960.0,2006,48079,R
770.0,2005,48045,U
1200.0,2005,48108,3
500.0,2006,48146,R
1000.0,2005,48332,R
1100.0,2006,48451,D
750.0,2006,48429,R
19300.0,2005,48089,D
31000.0,2006,48201,D
10150.0,2006,48304,I
3000.0,2005,48025,I
450.0,2005,48164,R
1012.0,2006,48206,R
3900.0,2005,48316,D
3100.0,2006,48215,R
11152.0,2005,48348,U
4616.0,2005,48446,R
5100.0,2006,48081,D
3250.0,2006,48380,U
300.0,2005,48193,U
39650.0,2005,48326,D
220.0,2005,48229,U
6700.0,2006,48051,R
3150.0,2006,48054,R
900.0,2005,48032,D
17600.0,2006,48088,D
201.0,2006,48450,U
1000.0,2006,48324,I
925.0,2006,48310,U
453.0,2005,48228,U
300.0,2005,48087,D
93495.0,2006,48334,R
1900.0,2006,48315,U
750.0,2006,48243,D
19300.0,2005,48116,D
9000.0,2005,48275,D
2615.0,2005,48128,U
10365.0,2006,48356,R
1250.0,2005,48301,I
29069.0,2006,48326,U
4270.0,2006,48042,D
4300.0,2006,48455,D
250.0,2005,48062,D
5510.0,2006,48205,D
4780.0,2006,48390,U
2750.0,2006,48079,D
250.0,2006,48191,D
500.0,2006,48177,R
5000.0,2006,48359,U
6750.0,2006,48340,R
706.0,2006,48041,U
5450.0,2006,48082,U
21947.0,2006,48116,U
10542.0,2006,48348,U
23536.0,2005,48375,R
11917.0,2006,48108,U
216.0,2006,48072,U
22955.0,2006,48315,R
1900.0,2006,48093,R
250.0,2006,48335,I
9300.0,2005,48234,D
13401.0,2005,48390,R
8200.0,2005,48080,U
19000.0,2005,48265,D
2528.0,2005,48182,U
5600.0,2005,48036,R
1200.0,2005,48040,R
250.0,2005,48224,3
450.0,2005,48321,R
12530.0,2006,48150,D
8400.0,2006,48225,R
260.0,2005,48343,U
714.0,2006,48231,I
5515.0,2006,48359,R
300.0,2005,48173,D
8600.0,2006,48162,R
2100.0,2006,48013,R
20440.0,2005,48073,D
5800.0,2005,48144,R
45631.0,2005,48105,D
14234.0,2005,48108,U
1350.0,2006,48446,D
68715.0,2006,48230,D
5950.0,2006,48220,R
4150.0,2005,48312,U
3993.0,2005,48152,U
1640.0,2006,48118,U
5615.0,2006,48446,R
10095.0,2005,48044,R
500.0,2005,48079,D
450.0,2005,48397,D
29685.0,2006,48124,R
1675.0,2006,48161,U
19550.0,2006,48083,D
296984.0,2005,48009,R
91405.0,2005,48192,D
40303.0,2006,48071,D
650.0,2005,48041,R
2400.0,2005,48215,D
119795.0,2005,48201,D
12550.0,2005,48088,D
7100.0,2006,48224,R
6405.0,2006,48195,R
200.0,2006,48231,R
18567.0,2006,48130,R
4850.0,2005,48455,D
1500.0,2006,48220,U
250.0,2005,48205,I
5000.0,2005,48342,U
13850.0,2006,48336,D
11750.0,2005,48106,U
56350.0,2006,48146,U
3400.0,2005,48225,R
14425.0,2005,48221,D
2724.0,2006,48221,U
250.0,2006,48429,U
250.0,2006,48064,U
1000.0,2005,48308,U
1200.0,2005,48012,U
300.0,2005,48023,U
2821.0,2005,48091,U
1750.0,2006,48101,D
34250.0,2005,48121,R
4450.0,2005,48109,R
31700.0,2006,48303,R
800.0,2005,48135,D
6765.0,2005,48227,D
9250.0,2006,48371,D
200.0,2005,48065,L
53950.0,2006,48326,D
40265.0,2006,48314,R
210.0,2006,48444,U
1000.0,2006,48201,3
166779.0,2006,48302,D
2500.0,2005,48120,R
25550.0,2005,48317,R
123405.0,2006,48322,R
2200.0,2006,48165,R
238.0,2006,48215,L
14015.0,2006,48168,R
850.0,2005,48422,D
4688.0,2006,48221,R
515.0,2006,48108,3
11987.0,2006,48198,D
11800.0,2006,48423,U
240.0,2006,48441,R
28425.0,2006,48329,R
38100.0,2005,48093,D
3000.0,2005,48302,I
4400.0,2005,48054,R
5000.0,2005,48210,R
1500.0,2006,48122,D
12050.0,2006,48106,U
18540.0,2006,48197,R
500.0,2006,48314,U
3500.0,2005,48371,U
1449.0,2005,48224,U
2800.0,2006,48346,D
2000.0,2005,48195,R
1030.0,2006,48444,R
1400.0,2006,48356,D
365.0,2005,48350,R
750.0,2005,48140,R
11630.0,2006,48080,D
700.0,2005,48198,U
34275.0,2006,48207,R
6630.0,2005,48360,R
31142.0,2005,48236,U
11300.0,2006,48307,D
35700.0,2006,48167,D
15745.0,2006,48075,U
12080.0,2005,48212,D
76975.0,2005,48226,R
360.0,2006,48430,3
250.0,2006,48220,I
250.0,2005,48080,I
26941.0,2006,48076,D
7050.0,2006,48012,U
22250.0,2006,48034,U
1800.0,2006,48189,R
1000.0,2006,48113,R
90688.0,2005,48235,U
2000.0,2005,48390,I
198236.0,2006,48025,D
1000.0,2005,48167,I
300.0,2005,48166,R
165115.0,2005,48334,R
11516.0,2005,48098,U
19175.0,2005,48348,R
2350.0,2006,48062,R
23600.0,2006,48209,R
12070.0,2006,48439,U
600.0,2006,48441,D
2288.0,2006,48112,U
9750.0,2006,48141,R
400.0,2005,48014,D
2000.0,2005,48438,D
1000.0,2006,48438,U
500.0,2006,48054,U
25100.0,2006,48207,D
4681.0,2006,48005,R
3300.0,2006,48381,D
