8958.0,2008,48080,U
11276.0,2008,48225,R
1065.0,2008,48327,U
34200.0,2007,48202,D
650.0,2008,48049,U
1201.0,2008,48413,R
2050.0,2007,48144,R
500.0,2007,48329,D
27732.0,2008,48326,U
250.0,2007,48128,D
170235.0,2007,48230,R
-20.0,2008,48091,I
1200.0,2008,48179,R
5100.0,2008,48211,R
805.0,2007,48195,R
2350.0,2007,48174,R
1300.0,2007,48453,D
1100.0,2007,48218,R
19145.0,2008,48313,R
10015.0,2007,48360,R
1480.0,2008,48039,R
34663.0,2008,48167,U
225.0,2008,48153,D
23471.0,2008,48188,R
1900.0,2008,48429,R
15201.0,2008,48316,R
11495.0,2008,48092,U
9955.0,2008,48036,U
9845.0,2007,48363,U
12800.0,2007,48386,R
15879.0,2007,48091,R
5035.0,2007,48383,R
23200.0,2007,48092,R
250.0,2007,48189,U
1200.0,2003,48214,U
6100.0,2008,48371,D
1200.0,2007,48042,D
13035.0,2007,48329,R
1050.0,2008,48039,D
750.0,2007,48113,D
3450.0,2007,48380,U
900.0,2008,48173,U
200.0,2007,48027,U
6126.0,2008,48382,U
3250.0,2007,48340,U
300.0,2007,48173,D
201.0,2007,48179,U
2800.0,2007,48341,U
2300.0,2008,48224,R
500.0,2008,48321,R
1300.0,2007,48095,D
12702.0,2007,48430,D
459420.0,2007,48304,R
250.0,2007,48240,L
1000.0,2007,48461,R
500.0,2008,48403,D
87305.0,2008,48310,D
500.0,2006,48380,D
14730.0,2008,48098,U
2700.0,2007,48208,D
311947.0,2007,48236,R
2455.0,2008,48442,U
61425.0,2008,48035,D
52150.0,2007,48313,D
18765.0,2008,48201,U
500.0,2007,48022,R
3019.0,2008,48185,U
9050.0,2007,48183,U
365.0,2008,48037,U
5305.0,2007,48081,U
4750.0,2008,48182,D
29262.0,2007,48326,U
355.0,2008,48080,L
250.0,2008,48028,D
500.0,2008,48334,I
83460.0,2008,48203,R
900.0,2008,48441,D
250.0,2008,48412,U
51820.0,2007,48302,U
400.0,2007,48141,D
43840.0,2008,48309,R
5825.0,2008,48038,U
172095.0,2007,48104,D
10540.0,2007,48331,U
4300.0,2008,48141,D
40668.0,2007,48103,U
3900.0,2008,48353,D
600.0,2008,48449,R
22050.0,2008,48150,D
27050.0,2007,48371,R
25344.0,2008,48390,D
15690.0,2008,48381,D
4525.0,2007,48161,D
653935.0,2008,48334,R
2400.0,2008,48125,R
3000.0,2008,48054,U
1000.0,2008,48414,D
63869.0,2008,48313,D
2300.0,2007,48242,D
800.0,2007,48093,U
4877.0,2008,48128,R
83143.0,2008,48439,R
200.0,2008,48022,D
122099.0,2008,48221,D
17050.0,2007,48223,D
16629.0,2008,48235,D
1250.0,2008,48304,L
3250.0,2007,48390,U
2100.0,2007,48225,D
6350.0,2008,48380,D
11750.0,2007,48043,R
600.0,2007,48386,D
22112.0,2008,48130,U
1750.0,2008,48234,R
16800.0,2008,48169,D
141702.0,2008,48230,D
3850.0,2008,48066,U
5000.0,2007,48350,U
705.0,2007,48109,D
300.0,2007,48367,D
17150.0,2007,48205,D
12736.0,2008,48094,R
300.0,2008,48367,L
1500.0,2007,48357,U
20080.0,2008,48183,R
15843.0,2008,48084,U
250.0,2008,48238,U
218018.0,2008,48034,D
2850.0,2008,48059,U
7300.0,2007,48239,D
109421.0,2008,48138,R
85074.0,2007,48075,D
80661.0,2008,48439,D
42708.0,2007,48084,D
1250.0,2008,48088,U
500.0,2007,48219,U
5575.0,2008,48023,D
9650.0,2007,48059,D
17032.0,2008,48033,D
4600.0,2008,48166,R
6250.0,2007,48186,D
27150.0,2008,48237,D
1650.0,2007,48359,D
24000.0,2007,48121,D
138251.0,2007,48105,D
240.0,2007,48220,3
-1242.0,2008,48430,I
2600.0,2007,48095,R
2695.0,2008,48223,U
500.0,2007,48370,R
220.0,2007,48418,R
600.0,2002,48226,U
-255.0,2007,48180,3
500.0,2008,48034,3
4600.0,2007,48079,D
2470.0,2008,48111,U
10320.0,2008,48073,U
250.0,2007,48164,D
1664.0,2007,48159,U
514.0,2007,48362,U
300.0,2008,48397,D
200.0,2008,48096,U
3650.0,2007,48130,U
300.0,2007,48013,D
250.0,2007,48034,3
300.0,2007,48117,D
115410.0,2008,48304,U
37966.0,2007,48073,D
49829.0,2008,48201,D
9555.0,2008,48107,D
4000.0,2008,48446,R
17000.0,2008,48265,D
400.0,2007,48061,R
10300.0,2008,48066,R
1000.0,2007,48050,D
9525.0,2008,48192,R
16000.0,2007,48265,D
4200.0,2006,48105,R
3485.0,2008,48386,U
67394.0,2008,48025,U
250.0,2007,48375,L
1114315.0,2008,48214,U
71414.0,2008,48224,D
31600.0,2007,48207,R
63900.0,2008,48111,R
400.0,2007,48046,D
12850.0,2007,48169,R
11065.0,2008,48185,R
9950.0,2008,48180,R
15100.0,2008,48174,R
58000.0,2008,48226,U
9100.0,2008,48335,U
1000.0,2007,48010,D
500.0,2006,48212,D
95934.0,2008,48104,U
27750.0,2008,48150,U
3980.0,2008,48423,R
5250.0,2008,48093,R
4290.0,2007,48080,R
3000.0,2007,48118,R
2025.0,2008,48350,U
8028.0,2008,48178,D
500.0,2007,48205,R
200.0,2007,48224,I
6775.0,2007,48085,U
10250.0,2007,48314,R
5300.0,2008,48228,D
3999.0,2008,48095,D
8670.0,2008,48104,L
4118.0,2008,48208,D
20014.0,2008,48126,D
9600.0,2008,48162,R
2100.0,2007,48216,D
250.0,2008,48428,U
1961.0,2008,48193,D
850.0,2008,48122,D
36790.0,2008,48026,D
27041.0,2008,48168,U
10690.0,2008,48341,D
29725.0,2007,48306,D
2125.0,2008,48224,3
9550.0,2007,48356,R
6755.0,2008,48195,R
4250.0,2008,48357,D
214.0,2007,48097,U
4550.0,2008,48243,R
400.0,2008,48414,R
6150.0,2007,48353,R
250.0,2008,48444,U
500.0,2008,48308,R
500.0,2008,48242,D
400.0,2008,48087,D
3306.0,2008,48120,U
19450.0,2008,48106,R
2024.0,2007,48221,U
2255.0,2007,48240,D
4179.0,2008,48134,U
7976.0,2007,48081,R
425.0,2008,48423,3
49527.0,2008,48223,D
4350.0,2007,48158,R
10100.0,2007,48187,R
81203.0,2008,48326,D
450.0,2008,48227,U
281710.0,2008,48170,R
25270.0,2007,48301,U
9295.0,2008,48161,D
2200.0,2008,48124,L
1549.0,2007,48393,U
600.0,2006,48302,R
2815.0,2007,48353,U
500.0,2008,48166,U
46119.0,2007,48098,R
18454.0,2007,48108,D
121841.0,2007,48084,R
400.0,2008,48073,I
2096.0,2007,48060,U
8900.0,2007,48376,R
29300.0,2008,48012,R
17158.0,2008,48176,U
2300.0,2007,48436,R
49883.0,2008,48167,D
3300.0,2008,48069,U
7640.0,2007,48186,R
250.0,2008,48012,L
400.0,2007,48074,D
3900.0,2008,48091,U
12700.0,2007,48107,R
250.0,2007,48338,R
300.0,2005,48302,R
3300.0,2007,48174,D
500.0,2008,48009,3
7990.0,2007,48099,D
4600.0,2007,48047,R
4000.0,2007,48240,R
24160.0,2007,48203,U
265550.0,2007,48192,D
26500.0,2008,48121,D
34896.0,2008,48188,D
9675.0,2008,48144,R
750.0,2007,48461,D
6350.0,2008,48134,D
950.0,2007,48134,R
220.0,2007,48453,R
12250.0,2008,48333,U
86470.0,2008,48154,R
800.0,2007,48023,R
1410.0,2007,48442,U
2935.0,2008,48178,U
40200.0,2008,48173,R
19980.0,2008,48336,U
347430.0,2008,48084,R
1000.0,2008,48221,3
36097.0,2007,48067,D
1000.0,2007,48120,R
1550.0,2008,48096,D
400.0,2007,48085,L
398.0,2008,48030,3
898.0,2008,48183,3
1000.0,2008,48210,U
201.0,2008,48457,R
8668.0,2007,48080,U
3520.0,2008,48232,U
87700.0,2008,48038,R
500.0,2008,48429,D
750.0,2008,48090,R
25000.0,2007,48085,R
28250.0,2007,48088,D
1200.0,2007,48328,U
1800.0,2008,48375,3
2400.0,2007,48212,R
4200.0,2006,48098,D
6943.0,2008,48154,U
200.0,2007,48336,I
76500.0,2007,48275,R
166150.0,2008,48126,R
94050.0,2008,48089,D
20500.0,2008,48121,R
300.0,2008,48132,D
500.0,2008,48046,D
1200.0,2007,48456,U
550.0,2008,48359,D
3950.0,2007,48093,R
1050.0,2008,48412,R
1150.0,2008,48041,R
5876.0,2007,48158,D
94746.0,2008,48116,R
5800.0,2007,48144,D
10800.0,2008,48079,D
3500.0,2008,48160,D
1487.0,2008,48191,U
465770.0,2008,48302,D
4200.0,2006,48103,R
1750.0,2007,48137,R
82902.0,2007,48230,D
15405.0,2007,48071,R
22255.0,2008,48433,R
31710.0,2008,48085,D
24200.0,2008,48390,R
69611.0,2008,48331,R
3200.0,2007,48059,U
10900.0,2007,48054,D
250.0,2007,48439,3
4850.0,2008,48131,D
-400.0,2008,48170,3
12500.0,2007,48275,D
3750.0,2007,48121,U
19787.0,2007,48124,D
300.0,2007,48027,D
18050.0,2008,48202,U
113227.0,2008,48192,D
10356.0,2008,48180,U
3954.0,2007,48088,R
200.0,2008,48412,D
104788.0,2008,48324,D
151014.0,2008,48334,D
7900.0,2007,48180,U
713.0,2007,48450,U
6730.0,2007,48198,D
53850.0,2007,48105,U
2250.0,2008,48048,D
9030.0,2008,48423,U
1000.0,2007,48086,R
2000.0,2007,48346,D
2900.0,2008,48461,D
-1189.0,2008,48350,R
3300.0,2007,48239,R
31084.0,2008,48227,D
600.0,2008,48415,U
7000.0,2008,48134,R
17785.0,2008,48067,U
2080.0,2008,48420,D
600.0,2008,48224,L
118932.0,2008,48108,D
41319.0,2007,48221,D
3306.0,2008,48224,U
3900.0,2008,48451,R
2300.0,2008,48438,D
5800.0,2008,48109,U
1350.0,2007,48444,R
45910.0,2007,48104,U
464.0,2007,48198,3
3550.0,2008,48099,D
5000.0,2007,48209,U
3110.0,2008,48047,U
1610.0,2007,48035,U
100517.0,2007,48235,U
35970.0,2007,48307,R
2300.0,2008,48102,U
7778.0,2008,48183,U
591497.0,2008,48104,D
5000.0,2008,48341,R
1700.0,2007,48450,R
6698.0,2008,48162,U
9700.0,2008,48037,R
4200.0,2006,48301,D
53300.0,2008,48045,R
3870.0,2008,48114,U
1725.0,2007,48066,R
12226.0,2008,48183,D
250.0,2007,48462,D
2283.0,2007,48038,U
300.0,2007,48018,U
2000.0,2007,48338,D
1000.0,2008,48068,R
9450.0,2007,48114,D
3895.0,2008,48313,U
9200.0,2008,48095,U
54551.0,2008,48374,R
500.0,2008,48178,I
2300.0,2007,48011,D
19908.0,2007,48060,D
7450.0,2008,48243,U
2063.0,2007,48441,U
6015.0,2007,48005,R
4650.0,2007,48192,R
9525.0,2008,48214,R
6435.0,2007,48207,U
21711.0,2008,48178,R
8250.0,2007,48081,D
5185.0,2008,48081,U
3950.0,2007,48340,R
500.0,2007,48140,R
105268.0,2007,48150,U
2250.0,2007,48320,D
200.0,2007,48135,D
1000.0,2008,48332,U
10547.0,2007,48127,R
1000.0,2008,48233,U
42071.0,2007,48309,R
1500.0,2007,48165,D
8850.0,2007,48382,D
36150.0,2007,48152,R
300.0,2008,48335,3
11795.0,2007,48084,U
89341.0,2007,48306,R
138630.0,2007,48326,R
28219.0,2008,48309,D
480.0,2008,48240,L
129600.0,2007,48201,D
500.0,2008,48208,U
750.0,2006,48009,U
500.0,2008,48310,I
25618.0,2008,48198,D
2790.0,2008,48094,U
1200.0,2003,48230,U
740.0,2008,48219,U
6800.0,2008,48227,R
71225.0,2007,48331,R
58465.0,2008,48088,D
1000.0,2008,48151,R
4400.0,2008,48376,D
31591.0,2008,48089,R
93990.0,2008,48152,R
4500.0,2008,48069,3
420.0,2007,48122,U
18606.0,2008,48375,D
20925.0,2007,48044,D
89375.0,2007,48105,R
12050.0,2008,48228,R
550.0,2007,48039,D
2105.0,2008,48026,U
24922.0,2007,48176,R
200.0,2008,48045,L
750.0,2008,48063,R
15260.0,2008,48360,R
19618.0,2008,48362,D
967.0,2007,48312,U
7350.0,2008,48101,D
9680.0,2008,48346,D
12785.0,2007,48333,D
2750.0,2007,48178,U
1000.0,2006,48226,D
74257.0,2008,48103,U
102438.0,2008,48207,D
143250.0,2008,48198,R
36839.0,2008,48084,D
441540.0,2007,48009,R
37907.0,2008,48073,R
2500.0,2008,48206,U
6690.0,2007,48206,D
57015.0,2007,48034,R
2300.0,2008,48102,D
2104.0,2008,48184,U
20017.0,2007,48035,D
2225.0,2007,48184,U
250.0,2007,48086,D
250.0,2008,48304,3
4865.0,2008,48325,D
2614.0,2008,48427,U
1500.0,2007,48413,D
8485.0,2008,48239,R
7500.0,2007,48265,R
454.0,2007,48032,U
3300.0,2007,48376,D
37646.0,2007,48236,U
4986.0,2008,48446,D
9200.0,2007,48215,R
250.0,2008,48157,D
10975.0,2008,48340,D
10435.0,2007,48168,U
1252.0,2007,48453,U
1250.0,2007,48421,D
1550.0,2007,48413,R
11245.0,2007,48067,U
12252.0,2008,48059,R
800.0,2008,48050,D
526221.0,2008,48009,D
1200.0,2002,48207,U
3000.0,2007,48362,D
6689.0,2007,48169,U
1343.0,2008,48453,U
250.0,2008,48100,D
2130.0,2008,48015,U
4100.0,2008,48310,U
54850.0,2007,48167,D
126649.0,2008,48075,D
7050.0,2007,48090,U
2800.0,2008,48413,D
9220.0,2008,48362,R
2300.0,2007,48438,D
18650.0,2008,48114,D
240.0,2008,48244,U
7050.0,2007,48095,U
1200.0,2008,48061,R
1600.0,2008,48062,R
1000.0,2007,48451,U
37368.0,2008,48219,D
16720.0,2008,48080,R
250.0,2008,48123,U
3344.0,2007,48138,U
14050.0,2008,48201,R
38945.0,2008,48315,R
1653.0,2007,48189,D
6750.0,2007,48362,R
57848.0,2008,48038,D
1940.0,2008,48079,U
300.0,2007,48014,D
750.0,2007,48153,U
215.0,2008,48128,L
751.0,2008,48027,R
500.0,2008,48010,R
4750.0,2008,48028,R
26575.0,2008,48314,D
125897.0,2008,48306,R
26072.0,2007,48317,D
147300.0,2008,48207,R
10475.0,2008,48309,U
6360.0,2008,48204,D
400.0,2008,48117,D
5450.0,2008,48085,U
25652.0,2008,48328,R
3363.0,2008,48240,D
11485.0,2008,48158,D
550.0,2007,48451,R
28215.0,2008,48346,R
8100.0,2007,48430,U
27525.0,2008,48213,U
-10.0,2008,48458,U
34000.0,2008,48234,D
5250.0,2008,48210,D
107525.0,2008,48202,D
37500.0,2007,48375,R
450.0,2007,48128,U
1000.0,2008,48233,D
40597.0,2008,48230,U
6568.0,2008,48162,D
1950.0,2007,48329,U
1650.0,2007,48420,U
300.0,2007,48282,D
8112.0,2007,48036,U
1400.0,2007,48462,R
47700.0,2007,48237,D
21945.0,2007,48336,R
12305.0,2007,48197,U
550.0,2008,48439,3
24100.0,2007,48076,R
1775.0,2008,48106,U
20955.0,2008,48154,D
500.0,2008,48221,R
304333.0,2008,48226,R
300.0,2008,48018,U
16200.0,2007,48455,R
21525.0,2008,48455,R
1250.0,2008,48356,D
101995.0,2007,48170,R
2800.0,2007,48202,R
326059.0,2008,48301,D
1185250.0,2008,48231,D
21370.0,2008,48072,D
800.0,2008,48323,I
250.0,2007,48037,U
10623.0,2007,48126,U
10500.0,2008,48317,R
15555.0,2007,48323,U
28257.0,2007,48114,R
19215.0,2007,48231,D
26170.0,2008,48203,U
1375.0,2007,48164,R
1350.0,2007,48099,R
53400.0,2007,48226,U
3800.0,2008,48164,R
102835.0,2008,48167,R
16400.0,2008,48080,D
126300.0,2008,48235,U
30075.0,2007,48038,D
2836.0,2007,48045,U
20600.0,2007,48313,R
1500.0,2008,48371,U
425.0,2008,48212,U
13450.0,2007,48111,D
12900.0,2007,48334,U
1250.0,2008,48455,U
3150.0,2007,48341,D
200.0,2008,48422,D
123413.0,2008,48067,D
14525.0,2007,48309,D
1700.0,2007,48101,U
1000.0,2006,48323,D
77505.0,2007,48071,D
25120.0,2007,48303,R
2780.0,2007,48413,U
19599.0,2008,48108,U
131510.0,2007,48034,D
77900.0,2008,48312,D
1000.0,2007,48025,3
7295.0,2008,48037,D
16820.0,2007,48067,R
3750.0,2007,48062,R
1900.0,2007,48211,D
20004.0,2008,48205,D
104255.0,2008,48092,D
543.0,2007,48232,U
220.0,2008,48141,U
15200.0,2008,48047,D
4775.0,2008,48184,D
3450.0,2007,48089,U
15450.0,2007,48377,D
494749.0,2008,48025,D
250568.0,2008,48236,D
23025.0,2007,48015,D
1500.0,2007,48072,R
4375.0,2007,48165,U
500.0,2007,48160,D
6450.0,2007,48359,U
800.0,2008,48314,3
200.0,2007,48182,3
4850.0,2007,48017,D
2725.0,2008,48314,U
4500.0,2007,48039,R
5876.0,2007,48107,D
1900.0,2007,48094,U
4200.0,2007,48082,R
500.0,2008,48360,U
323817.0,2007,48009,D
2300.0,2007,48211,R
295.0,2008,48039,U
2000.0,2007,48216,R
201.0,2008,48240,U
500.0,2007,48206,R
5050.0,2007,48184,R
8597.0,2008,48060,U
500.0,2008,48122,R
250.0,2008,48236,I
21414.0,2008,48174,D
14175.0,2008,48094,D
106237.0,2008,48323,R
9375.0,2007,48316,D
3926.0,2007,48243,D
2000.0,2008,48065,U
630.0,2008,48082,U
5290.0,2008,48127,U
37774.0,2008,48220,D
2550.0,2007,48160,R
1100.0,2007,48217,D
500.0,2007,48412,U
11700.0,2008,48333,D
855.0,2007,48134,D
4800.0,2007,48017,R
4696.0,2008,48328,U
13019.0,2008,48348,U
3040.0,2008,48044,U
7750.0,2007,48317,R
25509.0,2007,48150,D
1200.0,2007,48198,U
12372.0,2007,48423,U
79476.0,2007,48322,R
15585.0,2007,48306,U
600.0,2008,48164,D
4800.0,2008,48165,U
325125.0,2007,48146,D
7600.0,2008,48076,U
500.0,2007,48367,U
2350.0,2008,48160,U
32200.0,2008,48430,R
2200.0,2007,48357,D
3100.0,2007,48096,D
2250.0,2008,48353,U
14609.0,2007,48335,R
2325.0,2007,48239,U
6550.0,2007,48455,D
12280.0,2008,48182,R
3900.0,2008,48054,D
700.0,2007,48211,U
14010.0,2008,48310,R
1375.0,2008,48062,D
34750.0,2007,48212,D
10900.0,2008,48133,R
4450.0,2007,48026,R
1725.0,2008,48422,R
114600.0,2007,48232,D
2000.0,2007,48193,U
18400.0,2007,48198,R
36188.0,2008,48322,U
4200.0,2006,48304,D
31692.0,2008,48187,R
18150.0,2007,48202,U
5000.0,2008,48460,R
2400.0,2003,48207,U
34150.0,2008,48083,R
332.0,2007,48386,L
1000.0,2008,48005,D
16011.0,2007,48127,D
23351.0,2008,48138,D
38346.0,2008,48212,D
3750.0,2008,48393,U
43949.0,2007,48025,U
4200.0,2008,48195,D
1200.0,2007,48225,U
4300.0,2007,48047,D
66844.0,2007,48116,R
2700.0,2008,48320,R
1980.0,2007,48079,U
2600.0,2008,48160,R
500.0,2007,48450,D
600.0,2002,48235,U
600.0,2008,48415,D
250.0,2008,48189,I
250.0,2008,48403,U
17452.0,2008,48106,D
46594.0,2007,48312,D
350.0,2007,48013,U
2450.0,2007,48042,R
250.0,2008,48159,I
32100.0,2007,48374,R
1180.0,2008,48422,U
340606.0,2008,48301,R
500.0,2008,48308,D
6797.0,2008,48051,D
11150.0,2007,48430,R
192001.0,2008,48034,R
9250.0,2008,48033,R
11294.0,2007,48188,R
1104.0,2007,48074,U
973.0,2008,48356,U
5100.0,2007,48265,U
2285.0,2008,48207,U
200.0,2007,48238,U
18965.0,2008,48237,R
425.0,2008,48311,D
7086.0,2008,48187,U
15550.0,2008,48095,R
2200.0,2007,48220,R
4180.0,2008,48441,R
2075.0,2007,48185,U
14395.0,2008,48118,R
4085.0,2007,48083,U
17200.0,2007,48069,R
199.0,2008,48186,U
14670.0,2008,48377,R
32700.0,2008,48380,R
1700.0,2008,48370,R
33245.0,2008,48383,R
3185.0,2008,48135,D
200.0,2008,48125,3
717.0,2008,48137,U
5300.0,2008,48193,R
4250.0,2007,48380,D
13750.0,2007,48215,D
14663.0,2007,48237,R
4951.0,2008,48101,R
250.0,2007,48131,D
16183.0,2007,48197,R
750.0,2007,48166,U
14679.0,2008,48111,D
2165.0,2008,48158,U
77185.0,2007,48070,D
144421.0,2007,48301,D
17750.0,2007,48333,R
11880.0,2008,48118,U
201.0,2008,48414,U
15859.0,2007,48108,U
5197.0,2008,48186,R
35717.0,2007,48126,R
250.0,2008,48367,U
53812.0,2008,48093,D
6550.0,2008,48065,D
77700.0,2008,48314,R
32220.0,2007,48138,R
500.0,2007,48361,R
300.0,2007,48048,D
3990.0,2008,48137,R
250.0,2008,48127,I
1250.0,2008,48104,3
500.0,2008,48122,U
250.0,2007,48429,U
200.0,2007,48049,R
500.0,2007,48415,U
9050.0,2008,48340,R
250.0,2008,48143,D
3550.0,2007,48114,U
2616.0,2007,48377,U
3250.0,2008,48420,U
67131.0,2008,48124,R
17890.0,2008,48127,R
18240.0,2008,48329,R
158784.0,2008,48324,R
1450.0,2007,48054,R
24525.0,2008,48161,R
500.0,2008,48064,U
15260.0,2008,48433,D
4600.0,2008,48076,I
10000.0,2007,48303,U
700.0,2007,48218,D
1275.0,2007,48446,R
300.0,2007,48337,D
141681.0,2008,48331,D
2084.0,2007,48062,U
9600.0,2008,48107,R
78034.0,2007,48310,D
144634.0,2008,48203,D
300.0,2008,48113,R
250.0,2008,48040,U
8540.0,2008,48442,R
500.0,2007,48334,3
1400.0,2007,48427,U
213525.0,2007,48214,U
500.0,2008,48217,R
2900.0,2007,48359,R
15700.0,2007,48089,R
4843.0,2008,48161,U
4200.0,2006,48073,R
32550.0,2008,48215,D
24920.0,2008,48070,R
27950.0,2007,48203,R
795.0,2007,48039,U
19950.0,2008,48328,D
266091.0,2008,48146,D
9858.0,2008,48348,D
300.0,2007,48140,D
181.0,2008,48336,I
7700.0,2007,48193,R
7926.0,2007,48309,U
60694.0,2008,48306,D
200.0,2008,48143,R
29050.0,2008,48333,R
23241.0,2008,48374,U
600.0,2002,48230,U
900.0,2007,48068,U
24465.0,2007,48168,R
8300.0,2008,48045,3
20500.0,2008,48275,D
18640.0,2007,48116,U
7775.0,2007,48082,D
121712.0,2008,48168,R
6899.0,2007,48310,R
224733.0,2007,48076,D
3332.0,2007,48037,D
300.0,2008,48099,U
1600.0,2007,48184,D
400.0,2007,48157,R
885.0,2007,48021,U
137534.0,2007,48323,D
500.0,2007,48435,U
22150.0,2007,48126,D
34098.0,2008,48323,U
4050.0,2007,48342,D
21865.0,2007,48374,D
800.0,2008,48438,R
129400.0,2007,48104,R
12365.0,2007,48223,R
4050.0,2007,48101,R
1750.0,2007,48017,U
500.0,2007,48117,R
33444.0,2008,48124,D
34170.0,2008,48047,R
22300.0,2008,48381,R
6500.0,2008,48342,U
8267.0,2007,48176,U
35836.0,2008,48108,R
4750.0,2007,48433,R
1250.0,2007,48423,R
371261.0,2007,48302,R
13740.0,2007,48070,U
9617.0,2008,48423,D
900.0,2007,48131,U
1300.0,2007,48102,U
28666.0,2008,48116,D
8185.0,2007,48346,U
271163.0,2008,48103,R
1600.0,2007,48243,U
1000.0,2007,48304,I
1500.0,2008,48046,R
83900.0,2008,48430,U
1000.0,2008,48216,R
4700.0,2007,48161,R
500.0,2008,48205,I
563.0,2008,48193,U
300.0,2008,48218,U
1833.0,2007,48088,U
104115.0,2008,48030,D
4121.0,2007,48185,D
3935.0,2007,48381,U
1000.0,2007,48173,R
24780.0,2008,48169,R
4200.0,2006,48068,R
62513.0,2007,48089,D
250.0,2007,48123,U
300.0,2007,48032,R
1025.0,2007,48320,U
750.0,2008,48198,I
4702.0,2007,48162,U
5100.0,2007,48438,R
3000.0,2007,48180,R
2850.0,2007,48144,U
-42.0,2008,48237,I
3164.0,2007,48315,U
250.0,2009,48103,D
14610.0,2008,48363,U
10175.0,2007,48150,R
350.0,2008,48013,U
750.0,2008,48390,L
2600.0,2008,48021,R
748267.0,2008,48236,R
13840.0,2007,48012,D
27000.0,2007,48085,D
5200.0,2007,48328,R
8470.0,2007,48044,R
500.0,2007,48227,R
24244.0,2008,48126,U
8100.0,2007,48325,D
3000.0,2008,48243,D
5650.0,2008,48329,D
3752.0,2008,48109,R
1050.0,2008,48167,3
15194.0,2008,48082,D
99017.0,2007,48324,D
3000.0,2007,48334,I
5755.0,2008,48045,U
750.0,2007,48237,U
2100.0,2007,48455,U
21107.0,2007,48197,D
7003.0,2007,48307,U
126369.0,2007,48226,D
190661.0,2008,48323,D
1252.0,2008,48462,U
700.0,2007,48423,D
3729.0,2007,48066,U
12050.0,2008,48303,U
21701.0,2008,48150,R
216143.0,2008,48076,D
26478.0,2008,48152,D
800.0,2008,48311,U
6665.0,2008,48202,R
423.0,2008,48109,D
900.0,2007,48061,D
275.0,2007,48125,R
2430.0,2007,48135,U
4875.0,2007,48312,R
8300.0,2007,48235,D
600.0,2007,48024,D
47200.0,2007,48203,D
250.0,2008,48201,3
14300.0,2007,48033,R
240.0,2007,48441,R
69220.0,2007,48030,D
3150.0,2007,48192,U
4325.0,2008,48362,U
1950.0,2008,48325,U
8415.0,2007,48201,U
928995.0,2008,48009,R
2550.0,2007,48040,D
3550.0,2007,48128,R
63693.0,2008,48180,D
1450.0,2007,48107,U
456648.0,2008,48105,D
5355.0,2008,48342,D
450.0,2007,48458,R
3050.0,2008,48030,R
600.0,2007,48180,D
4050.0,2008,48370,D
50654.0,2008,48307,D
300.0,2007,48063,R
2915.0,2007,48152,U
40570.0,2007,48170,D
750.0,2007,48393,D
1200.0,2008,48240,I
250.0,2008,48430,3
250.0,2007,48444,U
32237.0,2008,48334,U
20873.0,2008,48118,D
276.0,2007,48112,U
18850.0,2008,48075,U
1250.0,2007,48040,R
500.0,2007,48449,U
2401.0,2008,48219,R
37870.0,2007,48075,R
1060.0,2008,48205,U
6550.0,2007,48033,D
14375.0,2007,48038,R
800.0,2008,48189,U
3191.0,2007,48187,U
4510.0,2008,48089,U
26395.0,2008,48336,R
725.0,2008,48210,R
300.0,2008,48232,R
250.0,2008,48183,L
525.0,2007,48228,U
2800.0,2007,48217,R
5675.0,2007,48370,D
7021.0,2007,48382,U
5740.0,2007,48158,U
138810.0,2007,48103,D
2090.0,2007,48106,U
5474.0,2007,48342,U
1750.0,2008,48421,R
2450.0,2008,48390,U
225.0,2008,48228,U
12670.0,2008,48357,R
6874.0,2007,48393,R
19955.0,2008,48130,R
369842.0,2008,48025,R
1650.0,2008,48026,R
77355.0,2008,48071,D
131777.0,2008,48168,D
1550.0,2007,48360,D
2243.0,2007,48310,U
4200.0,2007,48441,D
250.0,2008,48009,I
2500.0,2008,48205,R
22325.0,2008,48015,D
34300.0,2007,48390,R
28101.0,2008,48116,U
1450.0,2007,48223,U
250.0,2008,48322,I
210.0,2007,48057,U
2300.0,2008,48074,D
510.0,2008,48347,R
2300.0,2007,48109,R
16300.0,2008,48042,D
2000.0,2008,48238,R
1350.0,2008,48367,D
250.0,2008,48071,3
3114.0,2008,48035,U
6300.0,2007,48127,U
22925.0,2007,48324,U
9970.0,2008,48195,U
2135.0,2007,48182,U
140687.0,2007,48236,D
12400.0,2007,48026,D
208.0,2007,48140,U
2166.0,2008,48218,D
26460.0,2008,48044,D
550.0,2007,48044,U
4400.0,2007,48118,U
8300.0,2007,48381,D
1000.0,2006,48034,D
2800.0,2007,48429,D
9915.0,2008,48225,D
5100.0,2007,48333,U
225.0,2008,48014,3
6900.0,2008,48223,R
7850.0,2008,48220,R
7950.0,2008,48239,U
700.0,2008,48445,D
25102.0,2007,48116,D
2015.0,2007,48028,R
1550.0,2007,48061,U
16395.0,2008,48206,D
26150.0,2007,48346,R
77651.0,2008,48067,R
200.0,2008,48229,D
750.0,2008,48041,U
10450.0,2008,48216,D
21500.0,2007,48275,U
4680.0,2007,48162,R
50920.0,2007,48167,R
51634.0,2008,48176,R
2000.0,2007,48011,R
3350.0,2007,48035,R
600.0,2008,48186,3
155244.0,2007,48214,D
11726.0,2008,48079,R
495.0,2008,48180,3
18975.0,2008,48307,U
250.0,2007,48028,D
22395.0,2008,48045,D
19354.0,2008,48091,R
1250.0,2007,48320,R
4500.0,2007,48333,L
6250.0,2008,48315,U
29700.0,2007,48348,R
130683.0,2008,48009,U
143845.0,2007,48226,R
14225.0,2007,48307,D
1500.0,2007,48014,R
4200.0,2008,48097,D
400.0,2008,48027,U
5500.0,2008,48012,U
600.0,2007,48416,R
10438.0,2007,48101,D
500.0,2007,48068,D
253333.0,2007,48301,R
232.0,2007,48205,U
8150.0,2007,48325,R
23196.0,2008,48187,D
275.0,2008,48077,D
24525.0,2008,48036,D
9925.0,2007,48098,U
5350.0,2007,48051,D
2300.0,2007,48102,D
12550.0,2008,48069,R
200.0,2008,48450,D
250.0,2006,48084,D
250.0,2007,48408,U
12600.0,2007,48219,D
48530.0,2008,48043,D
8492.0,2007,48348,U
3925.0,2008,48117,U
515.0,2007,48422,U
1450.0,2007,48462,U
250.0,2007,48015,U
1250.0,2008,48226,3
9250.0,2008,48071,U
3250.0,2008,48340,U
1750.0,2007,48383,D
950.0,2007,48360,U
47788.0,2007,48168,D
11689.0,2007,48152,D
5000.0,2008,48090,U
8350.0,2008,48316,D
500.0,2008,48061,D
5500.0,2008,48209,U
57020.0,2008,48303,R
50564.0,2008,48236,U
7050.0,2007,48342,R
26351.0,2008,48120,R
3350.0,2008,48325,R
2300.0,2007,48386,U
2870.0,2008,48380,U
2675.0,2008,48030,U
1197.0,2007,48120,U
4600.0,2007,48015,R
25808.0,2008,48034,U
1200.0,2003,48226,U
200.0,2008,48140,D
3530.0,2007,48213,D
4000.0,2007,48224,U
1800.0,2007,48138,D
500.0,2007,48085,I
450.0,2008,48035,R
10565.0,2007,48327,R
113215.0,2007,48324,R
5000.0,2007,48060,R
2300.0,2007,48162,D
1250.0,2007,48314,U
5558.0,2008,48346,U
4150.0,2007,48154,D
750.0,2007,48325,U
5725.0,2008,48152,U
25704.0,2008,48335,D
398998.0,2007,48304,D
1485.0,2008,48112,U
5875.0,2007,48336,U
74129.0,2008,48170,D
28250.0,2008,48376,R
252800.0,2008,48230,R
2800.0,2007,48065,R
850.0,2007,48446,D
8260.0,2007,48075,U
17234.0,2007,48021,D
200.0,2008,48204,U
229236.0,2007,48302,D
25400.0,2007,48178,R
29580.0,2008,48075,R
2604.0,2008,48456,U
5500.0,2007,48367,R
200.0,2007,48040,U
365.0,2008,48140,R
900.0,2008,48415,R
16378.0,2008,48124,U
-1800.0,2008,48015,R
5950.0,2007,48340,D
9975.0,2008,48239,D
5548.0,2008,48189,R
7596.0,2008,48138,U
2464.0,2008,48173,D
275.0,2007,48429,R
600.0,2007,48420,D
4250.0,2008,48420,R
500.0,2008,48311,R
1550.0,2007,48446,U
9300.0,2007,48442,R
48750.0,2007,48121,R
11380.0,2008,48327,R
23595.0,2007,48382,R
68299.0,2008,48130,D
2300.0,2007,48209,R
26287.0,2007,48167,U
900.0,2007,48430,3
156348.0,2007,48066,D
1420.0,2007,48091,U
1200.0,2003,48235,U
2900.0,2008,48051,U
600.0,2007,48458,D
1625.0,2008,48312,U
200.0,2008,48340,I
12565.0,2008,48005,R
700.0,2008,48027,D
4999.0,2007,48433,U
6450.0,2007,48109,U
800.0,2008,48446,U
11693.0,2008,48238,D
250.0,2004,48214,U
118150.0,2008,48455,D
15850.0,2007,48036,D
7204.0,2008,48128,D
2000.0,2007,48380,R
7620.0,2008,48059,D
1350.0,2007,48204,D
16445.0,2008,48439,U
27446.0,2007,48439,D
825.0,2008,48031,D
21310.0,2008,48083,D
500.0,2008,48208,R
6020.0,2008,48120,D
35700.0,2007,48043,D
8020.0,2008,48121,U
25650.0,2007,48375,D
13575.0,2008,48017,R
500.0,2007,48106,D
1000.0,2007,48376,U
229140.0,2008,48322,D
15595.0,2007,48073,R
300.0,2008,48305,D
19051.0,2008,48114,R
19200.0,2007,48045,D
3600.0,2007,48111,U
160941.0,2007,48334,D
2590.0,2007,48026,U
5405.0,2008,48381,U
8900.0,2008,48145,D
21576.0,2008,48315,D
5692.0,2008,48174,U
250.0,2007,48226,3
300.0,2007,48087,D
1150.0,2008,48074,U
2300.0,2007,48021,R
700.0,2007,48219,R
500.0,2008,48224,I
287.0,2007,48432,U
6040.0,2008,48093,U
29022.0,2008,48363,R
2851.0,2008,48068,U
18425.0,2008,48072,R
250.0,2007,48064,U
8601.0,2008,48071,R
69855.0,2007,48326,D
2386.0,2008,48021,U
971.0,2007,48134,U
19577.0,2007,48187,D
17000.0,2007,48227,D
16291.0,2008,48386,D
9650.0,2008,48189,D
20531.0,2008,48060,D
250.0,2008,48129,D
2855.0,2007,48195,U
14250.0,2007,48012,R
2140.0,2008,48320,U
1500.0,2008,48139,R
96205.0,2007,48331,D
3000.0,2008,48333,L
3800.0,2008,48096,R
500.0,2008,48033,I
250.0,2008,48108,3
5600.0,2008,48137,D
1400.0,2008,48117,R
300.0,2008,48041,D
14804.0,2008,48017,D
365.0,2007,48064,R
4450.0,2008,48144,D
98176.0,2007,48092,D
7500.0,2008,48360,D
517.0,2008,48432,U
11250.0,2007,48094,D
5381.0,2008,48441,U
800.0,2007,48054,U
18220.0,2008,48044,R
9400.0,2008,48386,R
400.0,2008,48272,D
1850.0,2008,48216,U
11316.0,2008,48213,D
15915.0,2007,48124,U
1300.0,2008,48234,U
69500.0,2008,48318,R
3869.0,2008,48192,U
104000.0,2008,48153,R
1500.0,2007,48220,U
10550.0,2007,48080,D
4120.0,2008,48220,U
500.0,2007,48125,U
-2000.0,2006,48144,R
34463.0,2008,48127,D
264899.0,2008,48104,R
5440.0,2007,48047,U
11459.0,2007,48363,R
278486.0,2007,48025,D
4006.0,2008,48377,U
2250.0,2008,48428,D
3400.0,2007,48357,R
795.0,2007,48332,U
2850.0,2008,48341,U
4200.0,2007,48321,D
2326.0,2008,48451,U
2850.0,2007,48350,D
250.0,2008,48374,3
6368.0,2007,48071,U
50489.0,2008,48303,D
15850.0,2007,48314,D
158875.0,2008,48213,R
74076.0,2008,48098,R
6180.0,2007,48238,D
250.0,2006,48072,R
6475.0,2007,48336,D
1000.0,2008,48450,R
5800.0,2007,48341,R
2125.0,2008,48128,U
6259.0,2007,48183,R
200.0,2008,48366,D
173265.0,2008,48326,R
520.0,2008,48453,R
27580.0,2007,48230,U
3750.0,2008,48214,L
6450.0,2007,48225,R
800.0,2007,48062,D
-900.0,2007,48068,R
200.0,2007,48240,I
500.0,2008,48397,R
6650.0,2007,48166,R
234065.0,2008,48226,D
3275.0,2008,48211,D
350.0,2007,48049,U
6100.0,2007,48348,D
15170.0,2007,48377,R
15725.0,2008,48012,D
2351.0,2008,48359,R
6108.0,2008,48350,D
250.0,2008,48301,3
2000.0,2008,48393,D
9524.0,2008,48433,U
851.0,2008,48444,R
500.0,2007,48074,R
1235.0,2008,48316,U
950.0,2008,48383,D
500.0,2008,48387,R
497.0,2008,48417,U
1000.0,2007,48371,U
730.0,2008,48209,D
1000.0,2008,48166,D
1750.0,2008,48061,U
31032.0,2008,48036,R
200.0,2007,48143,R
8900.0,2008,48054,R
2500.0,2007,48069,3
15905.0,2007,48072,D
250.0,2007,48308,D
97050.0,2008,48232,D
252476.0,2008,48105,R
98078.0,2008,48430,D
25120.0,2008,48040,R
2770.0,2008,48125,U
21050.0,2008,48336,D
114989.0,2008,48091,D
1500.0,2007,48427,R
1500.0,2007,48033,U
15380.0,2007,48130,R
201.0,2008,48157,R
16950.0,2007,48083,D
103175.0,2007,48201,R
3500.0,2008,48186,D
250.0,2008,48046,U
1000.0,2008,48164,U
750.0,2008,48376,U
65056.0,2007,48304,U
1615.0,2008,48043,U
200.0,2007,48205,I
63328.0,2008,48197,D
31658.0,2008,48170,U
29813.0,2007,48108,R
195955.0,2007,48322,D
700.0,2008,48444,D
13000.0,2007,48381,R
17062.0,2008,48070,U
1000.0,2008,48111,L
500.0,2008,48458,D
93084.0,2008,48302,U
9918.0,2008,48382,D
13400.0,2008,48184,R
1040.0,2008,48321,U
15650.0,2007,48036,R
41593.0,2007,48335,D
128500.0,2008,48275,R
22620.0,2007,48439,R
1165.0,2008,48017,U
2610.0,2008,48198,U
1554.0,2008,48317,U
3483.0,2008,48135,U
3300.0,2007,48221,R
901.0,2008,48146,U
865.0,2007,48191,U
23115.0,2008,48324,U
1225.0,2008,48048,U
53970.0,2008,48043,R
3050.0,2007,48106,R
250.0,2008,48215,U
10350.0,2007,48183,D
300.0,2008,48078,D
5350.0,2008,48377,D
1250.0,2007,48353,D
2700.0,2007,48228,R
13225.0,2007,48328,D
1000.0,2007,48227,U
17498.0,2007,48188,D
3125.0,2008,48225,U
11800.0,2008,48169,U
11770.0,2007,48094,R
18850.0,2007,48070,R
22301.0,2008,48197,R
200.0,2008,48308,U
4800.0,2008,48240,R
219.0,2008,48445,U
250.0,2008,48165,D
7395.0,2007,48420,R
2500.0,2008,48357,U
21306.0,2008,48275,U
5208.0,2007,48154,U
4100.0,2007,48243,R
650.0,2008,48416,R
7224.0,2007,48174,U
4200.0,2007,48079,R
500.0,2008,48427,R
17018.0,2007,48303,D
4585.0,2007,48082,U
4800.0,2008,48113,D
46550.0,2007,48076,U
1025.0,2008,48235,R
8635.0,2007,48214,R
19774.0,2007,48363,D
5100.0,2007,48209,D
500.0,2008,48086,D
1400.0,2007,48122,R
5451.0,2007,48043,U
54000.0,2007,48318,R
1164937.0,2008,48304,R
8521.0,2008,48188,U
1729.0,2007,48188,U
9500.0,2007,48069,D
2705.0,2007,48193,D
700.0,2008,48049,D
10200.0,2007,48185,R
2200.0,2007,48182,R
8908.0,2008,48327,D
924.0,2007,48104,3
5000.0,2007,48383,U
14080.0,2007,48154,R
6956.0,2008,48383,U
16805.0,2007,48315,R
2720.0,2008,48159,U
300.0,2007,48343,U
500.0,2008,48098,I
750.0,2007,48041,R
1503.0,2008,48461,U
1201.0,2008,48165,R
6400.0,2007,48065,D
27165.0,2008,48176,D
119553.0,2007,48091,D
1000.0,2008,48146,R
15499.0,2008,48101,U
2785.0,2007,48313,U
3485.0,2007,48178,D
3500.0,2008,48442,D
500.0,2007,48458,U
51075.0,2007,48207,D
3000.0,2007,48433,D
82857.0,2007,48334,R
1150.0,2007,48316,U
3050.0,2008,48049,R
3309.0,2008,48182,U
1000.0,2008,48438,U
38551.0,2007,48098,D
250.0,2007,48323,L
200.0,2007,48051,U
650.0,2008,48318,U
16786.0,2008,48042,R
45740.0,2008,48374,D
925.0,2007,48030,U
2000.0,2008,48413,U
2041.0,2007,48375,U
2000.0,2007,48430,I
1365.0,2008,48461,R
6050.0,2008,48462,R
14440.0,2008,48060,R
6600.0,2007,48350,R
3505.0,2007,48042,U
257126.0,2007,48025,R
1900.0,2008,48074,R
9549.0,2007,48374,U
300.0,2008,48439,I
5600.0,2007,48141,R
4050.0,2008,48082,R
16537.0,2007,48176,D
1200.0,2008,48458,R
5023.0,2007,48316,R
1250.0,2007,48165,R
2600.0,2007,48051,R
6508.0,2007,48210,R
11640.0,2007,48092,U
58190.0,2008,48098,D
29000.0,2007,48220,D
67127.0,2007,48323,R
1400.0,2008,48356,R
3150.0,2008,48042,U
33259.0,2007,48234,D
1000.0,2008,48462,D
16710.0,2008,48092,R
4100.0,2008,48068,D
17695.0,2008,48081,D
22350.0,2007,48083,R
6450.0,2007,48037,R
26024.0,2008,48021,D
200.0,2007,48412,R
1105.0,2007,48216,U
5300.0,2007,48153,R
38170.0,2008,48371,R
4500.0,2007,48189,R
1700.0,2007,48120,D
75785.0,2007,48103,R
15000.0,2007,48213,U
10396.0,2008,48306,U
4425.0,2008,48320,D
292888.0,2008,48214,D
6450.0,2008,48359,U
475.0,2008,48209,3
1200.0,2008,48048,R
35051.0,2008,48382,R
12225.0,2008,48212,R
300.0,2008,48064,D
1000.0,2006,48230,D
100578.0,2008,48070,D
200.0,2008,48401,R
5475.0,2008,48158,R
250.0,2007,48354,U
5040.0,2008,48083,U
66662.0,2008,48363,D
8650.0,2008,48088,R
5500.0,2007,48104,L
225.0,2008,48211,U
53054.0,2007,48093,D
535679.0,2008,48103,D
1750.0,2008,48040,D
250.0,2007,48218,U
28200.0,2007,48213,R
73068.0,2008,48081,R
4162.0,2008,48221,U
1116.0,2007,48327,U
1400.0,2007,48414,D
550.0,2007,48347,R
565.0,2008,48064,R
750.0,2008,48323,L
700.0,2008,48446,L
2651.0,2008,48023,R
6350.0,2007,48371,D
20051.0,2007,48170,U
5732.0,2008,48375,U
550.0,2007,48072,U
200.0,2008,48014,U
300400.0,2008,48322,R
1737.0,2008,48329,U
600.0,2002,48214,U
901323.0,2008,48304,D
4328.0,2007,48118,D
13740.0,2007,48073,U
11600.0,2008,48342,R
11123.0,2008,48393,R
500.0,2005,48121,R
68387.0,2008,48335,R
40920.0,2007,48045,R
9025.0,2007,48439,U
1850.0,2007,48210,D
12611.0,2008,48065,R
35061.0,2008,48375,R
2950.0,2008,48033,U
3519.0,2008,48237,U
47855.0,2007,48322,U
300.0,2007,48049,D
1250.0,2007,48160,U
13566.0,2008,48197,U
-4350.0,2008,48215,R
2550.0,2008,48218,R
4500.0,2008,48367,R
44270.0,2008,48348,R
8200.0,2008,48051,R
16725.0,2008,48076,R
113310.0,2008,48105,U
1095.0,2007,48317,U
1800.0,2008,48144,U
1500.0,2007,48135,R
250.0,2008,48370,U
68392.0,2007,48009,U
750.0,2007,48422,R
5315.0,2007,48335,U
3750.0,2007,48169,D
24155.0,2008,48317,D
65746.0,2008,48073,D
15535.0,2008,48312,R
415.0,2007,48318,U
6114.0,2008,48135,R
6950.0,2008,48353,R
34378.0,2008,48069,D
1750.0,2007,48090,D
7995.0,2008,48185,D
16545.0,2007,48034,U
1300.0,2008,48125,D
32171.0,2008,48085,R
133300.0,2008,48209,R
4488.0,2008,48217,D
2950.0,2007,48146,R
4700.0,2007,48059,R
4530.0,2007,48111,R
71647.0,2008,48307,R
859003.0,2008,48302,R
22930.0,2007,48124,R
1500.0,2008,48421,D
1000.0,2006,48113,R
21450.0,2007,48224,D
250.0,2008,48332,D
327544.0,2008,48066,D
250.0,2008,48460,U
11615.0,2008,48331,U
600.0,2008,48451,D
43365.0,2007,48390,D
63425.0,2008,48301,U
14590.0,2007,48315,D
2750.0,2007,48117,U
18867.0,2007,48130,D
6935.0,2008,48072,U
2650.0,2007,48161,U
1000.0,2008,48032,D
735.0,2008,48062,U
700.0,2008,48024,D
250.0,2008,48072,L
1200.0,2007,48069,U
1450.0,2008,48090,D
1404.0,2007,48228,D
