10350.0,2009,48178,R
1500.0,2009,48346,D
650.0,2010,48061,R
275.0,2009,48125,U
600.0,2010,48189,D
800.0,2010,48453,R
2300.0,2009,48377,R
500.0,2010,48233,D
200.0,2009,48167,3
4916.0,2010,48067,R
500.0,2009,48120,R
300.0,2009,48450,3
2755.0,2009,48045,U
7980.0,2010,48124,U
5015.0,2010,48183,U
2350.0,2009,48357,R
406.0,2010,48265,U
2800.0,2009,48367,D
22177.0,2010,48043,D
5737.0,2010,48185,D
1000.0,2010,48101,R
950.0,2009,48367,U
1700.0,2010,48039,D
10890.0,2010,48375,D
1800.0,2009,48180,D
1500.0,2009,48082,I
239.0,2010,48429,U
400.0,2009,48064,D
2000.0,2010,48304,I
1300.0,2009,48054,D
955.0,2009,48093,R
4338.0,2009,48308,R
6656.0,2010,48198,U
3950.0,2009,48207,U
4400.0,2009,48192,U
10705.0,2009,48197,D
2250.0,2009,48216,U
4100.0,2010,48442,R
200.0,2010,48117,R
2300.0,2010,48043,R
800.0,2009,48461,D
12250.0,2010,48161,D
9050.0,2009,48341,D
250.0,2009,48123,R
250.0,2009,48191,D
1410.0,2009,48169,U
3675.0,2010,48089,U
1000.0,2009,48005,R
9520.0,2009,48036,U
300.0,2009,48007,D
5300.0,2010,48174,D
8635.0,2010,48083,R
21677.0,2009,48306,D
1000.0,2009,48012,R
5994.0,2009,48118,U
26226.0,2010,48322,U
550.0,2009,48422,R
311134.0,2010,48304,D
3455.0,2010,48309,U
9965.0,2009,48116,R
5025.0,2010,48341,D
7350.0,2009,48072,D
16412.0,2010,48044,D
220.0,2010,48418,R
33400.0,2009,48315,D
14374.0,2010,48390,D
9500.0,2009,48209,U
1000.0,2010,48096,R
480.0,2010,48093,R
1950.0,2010,48178,D
1975.0,2010,48430,L
1930.0,2009,48239,R
5150.0,2010,48066,U
800.0,2009,48347,R
1640.0,2010,48090,U
51169.0,2010,48067,D
123150.0,2009,48236,D
1700.0,2010,48048,D
10270.0,2010,48094,D
1475.0,2009,48455,R
763.0,2009,48112,U
3070.0,2009,48223,D
28245.0,2009,48306,R
5800.0,2009,48206,D
14917.0,2010,48382,U
400.0,2009,48332,U
600.0,2009,48450,U
4750.0,2009,48144,R
11275.0,2009,48114,R
6883.0,2009,48195,U
23315.0,2009,48067,D
238450.0,2010,48105,D
56243.0,2009,48093,D
62146.0,2009,48312,D
-6300.0,2009,48315,R
970.0,2009,48426,U
1250.0,2009,48423,D
460.0,2010,48173,U
2150.0,2010,48328,R
4050.0,2009,48380,D
1700.0,2010,48209,D
25039.0,2010,48317,D
500.0,2010,48048,R
13973.0,2010,48439,U
1050.0,2010,48082,R
274.0,2009,48221,3
10050.0,2009,48080,D
2000.0,2009,48158,U
4952.0,2009,48342,D
900.0,2010,48420,U
1000.0,2009,48322,I
1000.0,2009,48117,D
3200.0,2009,48363,R
23500.0,2010,48202,D
1707.0,2010,48180,U
16350.0,2009,48089,R
7410.0,2010,48377,R
750.0,2010,48065,R
4844.0,2010,48038,U
79312.0,2009,48105,D
13393.0,2009,48121,U
700.0,2009,48240,U
2950.0,2009,48183,D
17305.0,2009,48202,U
254.0,2010,48035,R
5081.0,2010,48216,U
21235.0,2010,48188,D
159500.0,2009,48231,D
1000.0,2010,48260,R
1900.0,2010,48074,R
22640.0,2009,48075,D
1750.0,2009,48067,R
525.0,2010,48444,U
7800.0,2010,48047,D
2515.0,2010,48371,U
8234.0,2010,48094,R
3315.0,2009,48185,R
1970.0,2009,48420,U
107330.0,2010,48230,R
2200.0,2010,48211,U
11925.0,2010,48072,D
1000.0,2010,48028,R
2500.0,2009,48325,D
3700.0,2010,48455,U
9274.0,2010,48303,D
3925.0,2009,48191,U
200.0,2009,48379,R
200.0,2010,48068,D
500.0,2009,48050,D
26350.0,2009,48215,D
300.0,2010,48184,D
1050.0,2009,48068,U
30331.0,2010,48084,D
4550.0,2009,48109,U
3150.0,2009,48183,R
500.0,2009,48075,I
61370.0,2009,48103,R
5850.0,2009,48079,R
250.0,2010,48105,I
53000.0,2009,48201,D
128940.0,2009,48235,U
550.0,2009,48314,R
6650.0,2009,48336,U
2950.0,2009,48108,R
4408.0,2010,48313,R
7075.0,2010,48383,R
22545.0,2009,48203,U
200.0,2009,48096,D
8416.0,2009,48423,U
1300.0,2009,48237,R
4800.0,2009,48204,D
810.0,2010,48023,R
2225.0,2010,48340,R
1050.0,2009,48109,R
500.0,2010,48367,D
250.0,2010,48290,U
800.0,2010,48450,U
19092.0,2009,48307,U
5000.0,2010,48069,R
6050.0,2010,48220,U
19166.0,2010,48326,U
1000.0,2009,48418,D
15295.0,2009,48108,U
6400.0,2009,48316,I
1100.0,2010,48455,D
1825.0,2010,48210,D
400.0,2010,48039,R
-3600.0,2009,48152,R
4142.0,2009,48187,U
2000.0,2009,48107,U
6382.0,2010,48111,D
950.0,2010,48360,R
2000.0,2009,48414,D
102100.0,2009,48213,R
2415.0,2010,48312,U
3625.0,2009,48328,U
17260.0,2010,48076,U
1100.0,2010,48005,R
9337.0,2009,48153,R
4703.0,2009,48329,U
12280.0,2010,48073,U
8087.0,2010,48386,U
8015.0,2009,48381,R
250.0,2010,48093,L
780.0,2009,48386,R
500.0,2009,48135,D
1500.0,2010,48117,D
53341.0,2010,48236,U
2144.0,2010,48453,U
250.0,2009,48125,R
20928.0,2010,48374,U
-10.0,2009,48343,R
2900.0,2010,48060,R
275.0,2010,48417,U
16000.0,2010,48317,R
3000.0,2009,48078,U
200.0,2009,48062,R
1360.0,2010,48327,U
14050.0,2009,48207,D
6818.0,2009,48154,D
201.0,2009,48141,U
2740.0,2009,48033,R
3000.0,2010,48078,U
6210.0,2010,48073,R
8187.0,2010,48107,D
800.0,2009,48039,D
708.0,2010,48421,R
1455.0,2010,48451,U
1850.0,2009,48038,R
1340.0,2009,48017,U
31150.0,2010,48116,D
1000.0,2009,48332,D
300.0,2009,48095,R
4700.0,2010,48192,U
300.0,2009,48244,U
3135.0,2010,48209,U
3350.0,2009,48158,D
700.0,2010,48212,U
14434.0,2009,48348,U
18250.0,2009,48043,D
1750.0,2010,48333,D
7275.0,2010,48211,D
9400.0,2010,48375,U
29240.0,2010,48213,U
29859.0,2010,48026,D
12086.0,2010,48114,R
250.0,2010,48157,U
14852.0,2010,48059,R
53484.0,2010,48047,R
2300.0,2009,48272,D
18500.0,2009,48121,D
63900.0,2009,48226,D
7850.0,2010,48012,D
31450.0,2010,48243,U
5806.0,2009,48038,U
-50.0,2009,48166,R
200.0,2010,48386,L
600.0,2009,48227,U
180845.0,2010,48302,D
5395.0,2009,48309,U
50846.0,2010,48203,D
2700.0,2009,48081,R
4725.0,2010,48204,D
250.0,2009,48356,D
45690.0,2010,48363,D
500.0,2010,48240,D
450.0,2010,48140,R
1150.0,2009,48037,U
3500.0,2009,48211,D
92247.0,2009,48304,U
500.0,2008,48084,R
4795.0,2010,48342,D
500.0,2010,48191,D
605.0,2010,48180,R
1704.0,2010,48243,R
152607.0,2010,48322,D
2750.0,2010,48165,R
4100.0,2010,48208,D
1000.0,2010,48106,U
5698.0,2010,48104,L
3500.0,2009,48114,D
8400.0,2010,48015,R
525.0,2010,48311,U
700.0,2010,48064,U
343875.0,2010,48231,D
31366.0,2009,48213,U
2250.0,2010,48320,R
1755.0,2009,48088,R
849.0,2009,48453,U
11350.0,2009,48045,R
3620.0,2009,48071,U
78906.0,2010,48038,D
19650.0,2009,48044,D
1250.0,2009,48127,R
1950.0,2010,48135,D
6676.0,2009,48183,U
5650.0,2010,48383,U
3500.0,2010,48151,R
2530.0,2009,48451,U
3000.0,2009,48323,I
1550.0,2009,48079,D
300.0,2009,48359,D
3000.0,2010,48393,U
1000.0,2009,48403,D
182.0,2009,48065,U
4100.0,2010,48371,D
4441.0,2009,48073,R
26850.0,2009,48303,R
13484.0,2010,48335,D
3600.0,2010,48072,U
3775.0,2009,48066,U
500.0,2009,48306,3
29630.0,2010,48015,D
15083.0,2010,48098,U
17100.0,2010,48150,D
2950.0,2010,48161,U
600.0,2009,48238,U
210.0,2009,48462,U
76252.0,2010,48201,D
73628.0,2009,48009,U
1700.0,2009,48218,D
2500.0,2010,48232,U
3100.0,2010,48239,D
63275.0,2010,48035,D
1475.0,2010,48224,U
1501.0,2010,48451,D
1500.0,2010,48061,U
1450.0,2010,48202,R
1663.0,2010,48413,U
1450.0,2009,48160,U
5276.0,2010,48328,U
1500.0,2010,48308,R
2550.0,2010,48095,R
700.0,2009,48446,D
4000.0,2009,48430,I
9055.0,2010,48195,U
400.0,2010,48412,D
2920.0,2009,48383,R
2166.0,2009,48111,U
16275.0,2009,48070,D
6578.0,2010,48329,U
101145.0,2009,48130,R
8250.0,2010,48316,U
1800.0,2010,48012,U
27615.0,2010,48152,U
3050.0,2009,48186,D
28145.0,2010,48220,D
53479.0,2009,48322,D
1519.0,2010,48456,U
2450.0,2010,48386,R
41585.0,2010,48075,D
900.0,2009,48218,R
4750.0,2010,48059,D
12213.0,2009,48098,U
500.0,2009,48421,D
2841.0,2010,48033,U
350.0,2009,48161,D
500.0,2009,48244,D
12490.0,2010,48423,U
379284.0,2010,48236,R
850.0,2009,48107,D
24170.0,2010,48081,D
2950.0,2009,48211,U
825.0,2010,48429,R
21000.0,2010,48318,R
319.0,2009,48353,3
43914.0,2010,48213,D
5744.0,2009,48126,U
18159.0,2010,48348,U
2750.0,2009,48123,U
3765.0,2009,48033,U
15695.0,2010,48118,D
1200.0,2009,48371,D
14872.0,2010,48114,U
2022.0,2009,48427,U
1600.0,2010,48173,R
9975.0,2010,48430,U
318630.0,2010,48236,D
10418.0,2009,48130,U
52272.0,2009,48103,U
239326.0,2010,48116,R
1665.0,2010,48128,U
300.0,2009,48212,R
8519.0,2010,48154,R
5265.0,2009,48161,R
500.0,2009,48010,R
114261.0,2010,48322,R
2200.0,2009,48097,D
3190.0,2009,48184,U
4400.0,2010,48357,R
1741.0,2009,48128,U
14771.0,2009,48176,D
24651.0,2009,48187,D
29950.0,2010,48158,R
22350.0,2010,48315,U
44425.0,2009,48088,D
88497.0,2010,48103,R
20805.0,2009,48439,R
500.0,2010,48068,U
4130.0,2010,48162,D
465.0,2009,48429,U
5250.0,2010,48223,D
273861.0,2010,48025,D
16559.0,2009,48326,U
13305.0,2009,48009,I
500.0,2010,48304,L
2100.0,2009,48329,D
600.0,2009,48064,R
2000.0,2010,48088,U
254.0,2010,48090,R
1000.0,2010,48124,L
22800.0,2010,48225,D
671.0,2010,48237,U
400.0,2010,48052,D
3000.0,2010,48386,D
2000.0,2009,48061,U
4000.0,2010,48180,D
400.0,2010,48227,U
24720.0,2010,48334,U
99383.0,2009,48071,D
68195.0,2009,48104,D
20443.0,2010,48183,R
15560.0,2010,48045,U
206064.0,2010,48130,R
57090.0,2009,48323,R
1300.0,2009,48360,D
1000.0,2010,48433,L
11900.0,2010,48333,R
27755.0,2010,48336,R
1300.0,2010,48079,U
6350.0,2009,48203,R
12382.0,2009,48346,U
250.0,2010,48139,R
257751.0,2010,48198,R
475.0,2010,48065,U
2400.0,2009,48093,I
10800.0,2009,48108,D
600.0,2009,48428,D
1300.0,2009,48383,D
1500.0,2010,48082,U
8904.0,2010,48362,D
500.0,2009,48221,R
2000.0,2009,48224,3
4750.0,2010,48191,U
99751.0,2010,48323,R
7594.0,2009,48091,U
669532.0,2010,48085,R
11280.0,2009,48118,D
132695.0,2009,48025,D
250.0,2009,48060,D
500.0,2009,48460,U
200.0,2010,48242,R
450.0,2010,48026,U
1000.0,2010,48160,U
161418.0,2010,48214,D
3350.0,2010,48376,R
5672.0,2009,48069,3
6920.0,2010,48371,R
2150.0,2010,48144,R
10050.0,2009,48095,D
60767.0,2009,48226,U
1850.0,2010,48091,R
23885.0,2010,48309,R
4118.0,2010,48243,D
105074.0,2010,48009,U
13806.0,2010,48121,U
5554.0,2010,48118,R
6000.0,2010,48265,R
11000.0,2010,48303,U
3500.0,2009,48060,R
83220.0,2010,48310,D
1527.0,2010,48427,U
102664.0,2009,48302,D
500.0,2010,48228,R
5006.0,2009,48375,U
400.0,2010,48218,D
16500.0,2010,48325,D
1278.0,2009,48237,U
184529.0,2009,48334,R
1000.0,2009,48107,R
4877.0,2009,48154,U
1250.0,2009,48451,D
2000.0,2010,48040,D
1077.0,2009,48314,U
6100.0,2009,48238,D
5250.0,2010,48359,U
2400.0,2010,48133,R
57880.0,2009,48104,U
2000.0,2009,48131,U
26050.0,2009,48317,D
5200.0,2009,48313,R
4062.0,2009,48380,U
500.0,2010,48342,R
3000.0,2009,48285,D
15900.0,2010,48316,D
47950.0,2009,48034,D
250.0,2010,48049,R
200.0,2010,48441,D
183974.0,2010,48105,R
2400.0,2010,48450,R
109060.0,2010,48092,D
31096.0,2009,48170,U
5390.0,2010,48310,R
14550.0,2009,48176,R
8100.0,2009,48213,D
2490.0,2010,48017,R
54500.0,2009,48234,D
5650.0,2010,48120,D
4511.0,2009,48180,U
47571.0,2009,48236,U
7000.0,2009,48333,D
500.0,2009,48064,U
11315.0,2010,48420,R
55620.0,2009,48038,D
3459.0,2009,48101,U
450.0,2010,48167,3
2400.0,2009,48209,R
7395.0,2009,48227,D
211036.0,2010,48103,D
12940.0,2010,48187,R
31433.0,2009,48322,U
750.0,2009,48239,U
410.0,2009,48035,R
593.0,2010,48210,U
700.0,2009,48146,D
200.0,2009,48133,D
30700.0,2009,48098,D
5280.0,2010,48071,R
19275.0,2009,48224,D
300.0,2009,48195,R
3300.0,2010,48036,R
12654.0,2010,48044,R
3000.0,2009,48460,R
2780.0,2010,48223,U
110045.0,2010,48091,D
48993.0,2010,48324,R
400.0,2009,48023,R
4336.0,2009,48161,U
3465.0,2010,48081,U
2750.0,2010,48141,D
2940.0,2010,48120,R
300.0,2010,48028,D
16900.0,2009,48235,D
243.0,2010,48141,U
4666.0,2009,48441,U
15000.0,2009,48318,R
3400.0,2010,48244,D
263790.0,2009,48085,R
3800.0,2009,48015,R
1500.0,2009,48327,I
4400.0,2009,48072,U
1840.0,2009,48446,U
144901.0,2010,48334,D
8700.0,2009,48377,D
515.0,2010,48419,D
12200.0,2010,48381,R
925.0,2009,48456,U
36350.0,2010,48301,U
3900.0,2010,48095,D
274.0,2010,48198,L
13850.0,2010,48152,D
14300.0,2010,48176,U
4700.0,2009,48036,R
13354.0,2009,48192,D
700.0,2010,48063,R
550.0,2009,48420,D
1400.0,2010,48446,D
4000.0,2009,48336,I
15513.0,2010,48114,D
2450.0,2010,48109,R
30685.0,2010,48203,U
97675.0,2009,48301,D
1500.0,2010,48146,R
1200.0,2009,48353,R
7550.0,2009,48138,D
719.0,2010,48422,U
107475.0,2009,48092,D
3600.0,2009,48068,D
5991.0,2010,48118,U
550.0,2010,48462,D
250.0,2010,48414,U
433502.0,2010,48045,R
2700.0,2009,48317,U
15195.0,2009,48084,U
2587.0,2009,48146,U
2000.0,2009,48331,I
11250.0,2009,48374,R
58485.0,2010,48439,D
7275.0,2010,48346,U
450.0,2010,48240,R
63511.0,2009,48301,R
44655.0,2009,48221,D
4500.0,2009,48059,R
25400.0,2009,48021,D
2515.0,2009,48382,D
45950.0,2010,48098,D
12165.0,2010,48150,R
131.0,2009,48371,U
2106.0,2010,48153,R
1600.0,2010,48311,D
1100.0,2010,48185,U
450.0,2010,48040,R
90640.0,2010,48034,D
15650.0,2010,48433,D
19750.0,2009,48202,D
71667.0,2009,48150,U
19114.0,2010,48108,U
1391.0,2009,48220,R
2966.0,2010,48449,R
10048.0,2009,48430,R
7712.0,2009,48095,U
11900.0,2010,48188,U
1950.0,2010,48054,R
2900.0,2010,48030,U
-42.0,2009,48206,U
2000.0,2010,48144,D
1000.0,2009,48367,R
300.0,2010,48341,R
500.0,2008,48322,U
4170.0,2010,48362,U
35320.0,2009,48083,D
1450.0,2010,48237,R
1500.0,2010,48074,D
2850.0,2010,48038,R
21434.0,2010,48363,U
319591.0,2010,48009,R
2400.0,2010,48124,I
41824.0,2009,48322,R
22135.0,2009,48034,U
2240.0,2009,48327,R
51396.0,2009,48025,R
1750.0,2010,48117,U
6921.0,2009,48060,U
500.0,2009,48160,D
1100.0,2009,48186,R
50074.0,2010,48187,D
16700.0,2010,48333,U
7450.0,2009,48333,R
14900.0,2009,48375,R
2470.0,2010,48044,U
4000.0,2010,48461,D
4101.0,2010,48042,R
1500.0,2009,48173,D
850.0,2010,48041,R
9208.0,2010,48178,U
1500.0,2009,48380,R
250.0,2010,48308,D
500.0,2010,48224,R
43940.0,2010,48215,D
3490.0,2009,48310,R
2350.0,2010,48079,D
74918.0,2010,48302,U
30575.0,2009,48026,D
250.0,2010,48022,R
210.0,2009,48141,D
4500.0,2009,48165,U
3955.0,2010,48310,U
14351.0,2010,48085,U
500.0,2010,48250,R
4800.0,2009,48441,D
116150.0,2010,48226,R
11825.0,2010,48225,R
6000.0,2009,48047,D
6063.0,2009,48076,U
8700.0,2009,48114,U
1300.0,2010,48026,R
750.0,2010,48022,D
14409.0,2009,48017,D
10690.0,2009,48176,U
4885.0,2010,48380,U
1500.0,2009,48216,D
2100.0,2010,48017,U
12290.0,2010,48307,R
4400.0,2010,48195,R
6612.0,2009,48093,U
161290.0,2010,48170,R
900.0,2010,48218,R
6411.0,2010,48154,U
26225.0,2010,48306,D
6050.0,2009,48084,I
2278.0,2010,48357,D
200.0,2010,48160,D
1000.0,2009,48144,D
7200.0,2010,48328,D
7410.0,2010,48207,U
400.0,2009,48189,R
53629.0,2010,48073,D
4150.0,2010,48184,R
5000.0,2009,48348,R
14025.0,2010,48176,D
353287.0,2010,48009,D
5350.0,2009,48154,R
929.0,2010,48426,U
17725.0,2009,48309,D
3050.0,2010,48356,R
76745.0,2010,48335,R
16186.0,2009,48374,U
22906.0,2009,48167,D
2274.0,2010,48182,U
212203.0,2010,48104,D
825.0,2009,48015,U
19900.0,2010,48326,D
6270.0,2009,48371,R
5600.0,2010,48051,R
58000.0,2010,48275,D
1470.0,2010,48370,U
2336.0,2009,48313,U
4000.0,2009,48239,D
925.0,2010,48342,U
14367.0,2010,48316,R
600.0,2009,48174,D
250.0,2009,48071,R
300.0,2010,48005,D
1100.0,2009,48072,R
1745.0,2010,48320,D
262885.0,2009,48214,U
44080.0,2009,48126,R
271100.0,2009,48089,D
492.0,2010,48460,U
67950.0,2009,48310,D
2941.0,2009,48381,U
775.0,2010,48235,R
10250.0,2010,48109,U
816.0,2009,48193,U
500.0,2010,48229,D
8750.0,2009,48328,D
1685.0,2009,48221,U
11800.0,2009,48070,R
200.0,2010,48060,D
2795.0,2009,48021,U
1800.0,2009,48005,D
3000.0,2009,48304,I
141.0,2009,48360,U
300.0,2009,48030,R
14100.0,2009,48116,D
2075.0,2009,48043,U
86940.0,2009,48334,D
3800.0,2009,48348,D
300.0,2009,48210,D
24422.0,2010,48034,U
40250.0,2010,48203,R
45625.0,2010,48021,D
2300.0,2010,48462,R
36075.0,2010,48331,D
19699.0,2010,48045,D
132785.0,2010,48214,U
5250.0,2009,48359,U
200.0,2010,48308,U
2620.0,2010,48201,R
29965.0,2010,48205,D
3455.0,2009,48059,U
1150.0,2009,48219,U
53366.0,2009,48324,D
830.0,2009,48432,U
1000.0,2010,48010,D
78318.0,2010,48103,U
1125.0,2009,48030,U
20350.0,2010,48235,D
250.0,2010,48113,U
35361.0,2009,48301,U
1535.0,2009,48442,U
2209.0,2009,48357,D
750.0,2009,48446,R
1000.0,2010,48192,D
13195.0,2010,48228,D
12007.0,2010,48069,D
250.0,2010,48040,U
1500.0,2010,48131,U
22441.0,2009,48168,D
400.0,2009,48074,D
3250.0,2010,48051,D
3125.0,2010,48227,R
14883.0,2010,48197,D
8030.0,2009,48073,U
2000.0,2009,48455,D
13807.0,2010,48306,U
7100.0,2009,48346,R
4100.0,2010,48033,R
200.0,2010,48030,R
163712.0,2010,48301,D
1425.0,2010,48314,U
91187.0,2010,48230,D
92190.0,2010,48071,D
1000.0,2009,48099,I
2000.0,2009,48455,I
3431.0,2009,48327,U
285607.0,2010,48226,D
18920.0,2010,48202,U
250.0,2009,48013,R
450.0,2010,48234,U
46808.0,2010,48323,U
115001.0,2009,48103,D
200.0,2010,48324,L
1740.0,2009,48042,R
112658.0,2009,48105,R
450.0,2009,48079,U
9600.0,2009,48106,R
4600.0,2010,48160,R
1400.0,2010,48158,U
23675.0,2009,48230,D
500.0,2009,48242,D
179205.0,2009,48304,D
11025.0,2010,48042,D
12440.0,2009,48098,R
1000.0,2010,48311,R
3720.0,2009,48083,U
725.0,2009,48415,U
15290.0,2009,48124,D
500.0,2009,48111,R
2125.0,2009,48224,U
250.0,2010,48444,R
30500.0,2009,48275,D
152320.0,2010,48025,R
8400.0,2010,48080,R
2900.0,2010,48012,R
4050.0,2009,48075,R
27960.0,2009,48390,D
4885.0,2010,48091,U
1950.0,2010,48357,U
10875.0,2010,48232,D
830.0,2009,48433,R
546.0,2009,48370,U
758.0,2009,48049,U
5500.0,2009,48308,D
300.0,2010,48216,R
83000.0,2010,48237,D
18100.0,2009,48150,D
2940.0,2010,48433,U
7931.0,2009,48331,U
1800.0,2010,48428,D
12574.0,2009,48152,U
600.0,2010,48223,R
3000.0,2009,48111,D
500.0,2010,48221,3
300.0,2010,48449,U
15500.0,2010,48189,R
97119.0,2010,48025,U
300.0,2010,48037,R
1125.0,2009,48328,R
966.0,2009,48438,U
9815.0,2009,48197,U
4500.0,2009,48065,D
950.0,2009,48189,D
269115.0,2010,48334,R
1250.0,2009,48225,U
44620.0,2009,48025,U
450.0,2009,48160,R
500.0,2010,48366,R
3201.0,2009,48047,U
25330.0,2010,48126,U
16903.0,2010,48433,R
25470.0,2010,48430,R
29700.0,2010,48221,D
4500.0,2009,48138,U
1250.0,2009,48301,I
16750.0,2009,48335,D
146421.0,2009,48236,R
2750.0,2009,48118,R
-10.0,2009,48210,R
156480.0,2009,48009,D
23650.0,2010,48116,U
141792.0,2009,48170,R
6310.0,2009,48069,D
1150.0,2009,48316,R
50895.0,2010,48212,D
500.0,2009,48451,R
2400.0,2009,48062,U
14358.0,2009,48306,U
5083.0,2010,48187,U
250.0,2010,48211,R
17241.0,2010,48106,D
7401.0,2010,48315,R
1535.0,2009,48393,U
5350.0,2009,48033,D
25240.0,2009,48138,R
1489.0,2009,48205,U
515.0,2009,48429,R
2132.0,2010,48442,U
3000.0,2009,48228,D
17100.0,2010,48089,R
106867.0,2010,48084,R
21050.0,2009,48085,D
2116.0,2010,48313,U
60438.0,2010,48306,R
42350.0,2009,48374,D
52500.0,2009,48275,R
7300.0,2010,48423,R
14750.0,2009,48130,D
2056.0,2009,48135,U
15675.0,2010,48127,D
32000.0,2010,48212,R
26855.0,2009,48167,U
760.0,2009,48386,D
15100.0,2010,48174,R
9460.0,2010,48375,R
20971.0,2009,48439,D
45210.0,2010,48030,D
13695.0,2010,48082,D
200.0,2009,48040,R
17550.0,2010,48059,U
250.0,2009,48440,U
2075.0,2010,48320,U
11850.0,2009,48334,I
28536.0,2010,48076,R
5703.0,2009,48174,U
1150.0,2010,48414,D
5282.0,2009,48067,U
4125.0,2009,48089,U
71725.0,2009,48430,D
124900.0,2009,48091,D
6447.0,2010,48336,U
21750.0,2010,48138,D
500.0,2009,48025,I
500.0,2009,48202,R
17300.0,2010,48309,D
7725.0,2010,48154,D
83350.0,2009,48198,R
23041.0,2009,48323,U
1000.0,2010,48446,R
76935.0,2010,48105,U
6249.0,2010,48127,R
1250.0,2010,48367,R
6750.0,2009,48048,D
24670.0,2009,48167,R
500.0,2009,48164,R
37645.0,2010,48314,D
1687.0,2010,48353,R
43475.0,2010,48167,D
7560.0,2010,48060,U
47901.0,2010,48230,U
200.0,2009,48143,D
7380.0,2010,48101,D
1171.0,2009,48422,U
9125.0,2010,48130,U
250.0,2009,48086,R
11471.0,2010,48382,R
7075.0,2010,48092,U
6250.0,2010,48455,R
135945.0,2010,48104,R
410.0,2010,48461,U
950.0,2010,48312,R
6550.0,2010,48080,U
166.0,2009,48350,U
1100.0,2009,48312,R
2000.0,2010,48069,3
400.0,2010,48413,R
1800.0,2010,48128,D
39500.0,2009,48313,D
5750.0,2010,48106,R
26659.0,2009,48326,R
4500.0,2010,48165,U
5250.0,2010,48353,U
300.0,2010,48440,R
1300.0,2009,48128,D
55770.0,2009,48030,D
1600.0,2010,48015,U
3050.0,2009,48307,R
3850.0,2009,48088,U
2000.0,2010,48135,R
8241.0,2009,48335,U
23721.0,2009,48036,D
52545.0,2010,48098,R
179350.0,2010,48124,D
1250.0,2010,48046,R
7080.0,2010,48183,D
1140.0,2009,48042,U
800.0,2009,48413,R
425.0,2010,48219,U
10700.0,2009,48324,I
250.0,2010,48123,U
470.0,2009,48215,U
2817.0,2010,48035,U
175044.0,2009,48302,R
1050.0,2010,48037,D
26075.0,2010,48377,D
250.0,2009,48182,D
300.0,2009,48239,I
2475.0,2010,48021,U
400.0,2010,48122,D
36741.0,2010,48126,R
5750.0,2009,48127,U
1400.0,2010,48072,R
5065.0,2010,48348,D
30970.0,2009,48243,U
10375.0,2009,48152,D
2830.0,2009,48362,U
2000.0,2009,48439,I
750.0,2010,48393,R
3300.0,2009,48316,U
300.0,2010,48330,D
118661.0,2009,48009,R
2065.0,2009,48433,U
1551.0,2009,48134,U
400.0,2009,48460,D
2400.0,2009,48230,I
83825.0,2010,48430,D
4500.0,2010,48112,U
300.0,2010,48164,D
53511.0,2009,48302,U
1840.0,2010,48442,D
23650.0,2010,48085,D
1691.0,2009,48386,U
861.0,2010,48432,U
1100.0,2010,48137,D
8500.0,2009,48303,U
4650.0,2009,48329,R
4966.0,2009,48383,U
2500.0,2009,48342,R
7062.0,2010,48441,U
1250.0,2010,48042,U
3600.0,2010,48380,D
1736.0,2010,48415,D
925.0,2010,48189,U
28700.0,2009,48331,R
500.0,2009,48063,R
26529.0,2009,48073,D
44300.0,2010,48168,D
21781.0,2010,48374,R
23600.0,2009,48201,U
1000.0,2010,48135,U
1250.0,2010,48317,U
6315.0,2009,48169,R
1500.0,2010,48327,R
18155.0,2009,48220,D
4950.0,2009,48232,U
-1200.0,2009,48376,R
21460.0,2010,48108,D
64500.0,2010,48275,R
20607.0,2009,48324,U
898965.0,2010,48066,D
4600.0,2010,48164,R
200.0,2010,48177,D
36150.0,2010,48303,R
1000.0,2010,48081,I
1250.0,2010,48131,R
3618.0,2009,48198,U
108209.0,2010,48226,U
23003.0,2010,48324,U
700.0,2010,48214,R
1500.0,2009,48422,D
3640.0,2009,48178,U
15190.0,2009,48307,D
11900.0,2009,48012,D
400.0,2010,48014,D
294504.0,2010,48439,R
1700.0,2010,48332,U
1600.0,2010,48125,D
32131.0,2009,48170,D
10313.0,2009,48188,U
20100.0,2009,48237,D
2840.0,2010,48047,U
300.0,2010,48347,R
12810.0,2010,48348,R
2800.0,2009,48393,R
20150.0,2010,48130,D
34325.0,2009,48314,D
1704.0,2009,48189,U
1000.0,2009,48184,D
7350.0,2010,48451,R
188800.0,2010,48213,R
7450.0,2009,48225,D
1650.0,2010,48066,R
1350.0,2010,48359,D
2450.0,2009,48320,D
145397.0,2010,48315,D
31150.0,2009,48203,D
15555.0,2009,48275,U
1500.0,2010,48074,U
750.0,2009,48166,U
8700.0,2009,48340,D
93627.0,2010,48104,U
12979.0,2010,48084,U
500.0,2009,48356,R
5750.0,2010,48174,U
500.0,2009,48420,R
500.0,2010,48031,R
2750.0,2009,48117,U
17048.0,2010,48128,R
297.0,2010,48419,U
500.0,2010,48460,D
500.0,2010,48391,D
42194.0,2010,48070,D
1900.0,2009,48390,R
2700.0,2010,48169,D
21100.0,2009,48363,D
1350.0,2009,48158,R
1840.0,2010,48360,D
1500.0,2009,48317,R
1000.0,2010,48309,I
6575.0,2010,48127,U
88318.0,2010,48234,D
7800.0,2009,48051,D
6200.0,2010,48065,D
18200.0,2009,48302,I
500.0,2009,48193,R
1000.0,2010,48323,L
250.0,2010,48091,L
8500.0,2009,48121,R
4429.0,2009,48377,U
16965.0,2010,48381,D
6975.0,2010,48092,R
200.0,2009,48366,U
17919.0,2009,48116,U
10020.0,2010,48219,D
5576.0,2010,48377,U
6131.0,2009,48312,U
500.0,2006,48348,D
1100.0,2009,48062,D
4150.0,2010,48138,U
5350.0,2010,48340,D
4300.0,2009,48309,I
15925.0,2010,48198,D
700.0,2010,48356,D
2525.0,2010,48346,D
13232.0,2009,48382,U
13425.0,2009,48316,D
2750.0,2010,48438,D
7700.0,2010,48146,D
10000.0,2009,48201,R
211090.0,2009,48304,R
194850.0,2010,48075,R
400.0,2010,48050,D
41010.0,2010,48313,D
27025.0,2010,48036,D
59490.0,2010,48093,D
1000.0,2010,48046,D
7235.0,2010,48083,U
400.0,2010,48024,D
1575.0,2010,48327,D
200.0,2010,48062,D
68750.0,2009,48232,D
3400.0,2010,48009,I
4050.0,2009,48080,R
4910.0,2010,48335,U
2400.0,2010,48353,D
500.0,2010,48141,R
18090.0,2010,48017,D
24530.0,2010,48336,D
1290.0,2009,48362,R
1475.0,2009,48320,U
3300.0,2009,48192,R
2716.0,2009,48455,U
79732.0,2009,48323,D
24176.0,2009,48084,D
1654.0,2010,48220,R
2500.0,2010,48460,R
3300.0,2010,48186,D
4115.0,2009,48197,R
36575.0,2010,48076,D
17350.0,2010,48188,R
775.0,2009,48005,U
5165.0,2009,48076,R
95625.0,2010,48043,U
2600.0,2009,48066,R
1000.0,2010,48064,D
450.0,2010,48234,R
30517.0,2009,48331,D
8415.0,2010,48080,D
2000.0,2009,48162,D
1141.0,2009,48185,U
21850.0,2010,48374,D
53493.0,2009,48105,U
1630.0,2009,48178,D
12720.0,2009,48070,U
25700.0,2010,48152,R
24625.0,2009,48205,D
10768.0,2010,48307,U
3950.0,2009,48075,U
2050.0,2009,48162,R
2260.0,2009,48054,U
615.0,2009,48182,R
7850.0,2009,48375,D
21506.0,2010,48070,U
3030.0,2010,48186,R
8250.0,2010,48207,R
42203.0,2010,48170,U
2995.0,2010,48094,U
1000.0,2010,48422,R
500.0,2010,48321,R
15015.0,2010,48201,U
1040.0,2009,48321,U
1930.0,2009,48340,U
800.0,2010,48216,D
200.0,2009,48444,R
6125.0,2009,48309,R
300.0,2010,48415,U
800.0,2010,48041,D
33750.0,2009,48212,D
250.0,2010,48037,U
300.0,2010,48228,U
9945.0,2010,48197,U
1100.0,2009,48208,D
1400.0,2010,48221,R
18625.0,2009,48127,D
266633.0,2010,48302,R
3492.0,2009,48353,U
1025.0,2009,48225,R
11584.0,2009,48106,D
6700.0,2009,48315,U
1230.0,2009,48359,R
1650.0,2009,48082,U
1800.0,2009,48144,U
21050.0,2009,48393,D
9883.0,2009,48092,U
2000.0,2009,48333,I
35519.0,2010,48207,D
1000.0,2010,48325,U
500.0,2009,48134,D
750.0,2010,48166,U
3201.0,2010,48192,R
9500.0,2009,48059,D
17700.0,2010,48238,D
1000.0,2009,48012,U
500.0,2010,48446,U
7450.0,2009,48187,R
7000.0,2010,48095,U
55701.0,2010,48034,R
4800.0,2010,48193,D
1000.0,2009,48112,D
550.0,2009,48021,R
3840.0,2010,48185,R
1450.0,2009,48169,D
7850.0,2009,48042,D
27070.0,2009,48076,D
3739.0,2009,48150,R
240.0,2010,48032,U
300.0,2009,48311,D
234150.0,2009,48066,D
1140.0,2010,48462,U
72843.0,2010,48331,R
2400.0,2010,48375,I
2500.0,2009,48094,R
9833.0,2009,48124,U
237040.0,2009,48104,R
2150.0,2010,48109,D
2650.0,2010,48107,R
6719.0,2009,48035,U
50800.0,2010,48325,R
14300.0,2010,48101,U
250.0,2010,48058,D
1300.0,2010,48224,3
7320.0,2009,48198,D
800.0,2009,48327,D
4000.0,2009,48346,I
4750.0,2009,48162,U
20899.0,2010,48331,U
754.0,2010,48062,R
20000.0,2010,48275,U
2182.0,2009,48094,U
30625.0,2009,48015,D
300.0,2010,48182,D
131619.0,2010,48323,D
1500.0,2009,48034,I
3000.0,2009,48120,D
349.0,2010,48118,L
250.0,2009,48186,U
240.0,2010,48021,R
37564.0,2009,48230,U
115015.0,2009,48336,R
300.0,2010,48204,U
250.0,2009,48125,D
13168.0,2010,48209,R
1600.0,2009,48043,R
191.0,2009,48051,U
43500.0,2010,48121,R
6481.0,2010,48075,U
2100.0,2010,48367,U
5400.0,2009,48381,D
3451.0,2010,48178,R
-2400.0,2010,48334,I
4250.0,2010,48069,U
10500.0,2010,48033,D
250.0,2009,48096,R
8585.0,2010,48390,R
20683.0,2009,48168,U
5778.0,2010,48381,U
270.0,2009,48074,U
4252.0,2010,48239,U
1800.0,2009,48165,R
1000.0,2009,48333,3
120750.0,2009,48214,D
34075.0,2010,48088,D
3000.0,2010,48265,D
6250.0,2010,48225,U
300.0,2009,48432,R
2125.0,2010,48341,U
1000.0,2009,48442,R
750.0,2010,48195,D
500.0,2010,48055,R
3200.0,2009,48185,D
1200.0,2009,48083,R
500.0,2010,48038,I
1400.0,2009,48209,D
650.0,2010,48362,R
1950.0,2009,48341,R
30408.0,2010,48307,D
1000.0,2010,48205,U
250.0,2010,48145,U
8388.0,2009,48085,U
11310.0,2009,48219,D
4630.0,2010,48169,U
5523.0,2010,48067,U
3097.0,2009,48026,U
1450.0,2010,48239,R
1000.0,2010,48414,R
3827.0,2009,48044,U
5960.0,2010,48093,U
38040.0,2010,48138,R
1050.0,2010,48193,U
15425.0,2009,48034,R
2625.0,2009,48357,U
1000.0,2010,48449,I
200.0,2009,48097,U
865.0,2009,48438,D
500.0,2010,48376,U
1800.0,2009,48054,R
40620.0,2010,48167,R
2400.0,2010,48423,D
260300.0,2010,48150,U
4280.0,2010,48340,U
4633.0,2009,48310,U
1050.0,2009,48041,R
12850.0,2009,48094,D
6075.0,2010,48162,U
13240.0,2010,48169,R
16600.0,2009,48081,D
200.0,2009,48101,R
300.0,2009,48450,R
12850.0,2009,48126,D
1650.0,2009,48044,R
3700.0,2009,48047,R
975.0,2009,48220,U
66200.0,2009,48035,D
958.0,2009,48308,U
18967.0,2009,48334,U
2288.0,2009,48159,U
49569.0,2010,48224,D
1750.0,2009,48040,D
70580.0,2009,48084,R
34000.0,2010,48121,D
800.0,2010,48111,R
2400.0,2010,48120,U
59115.0,2010,48324,D
7850.0,2010,48036,U
1250.0,2009,48413,U
250.0,2009,48304,L
581.0,2009,48120,U
8575.0,2009,48188,D
250.0,2009,48436,R
298471.0,2010,48301,R
2410.0,2010,48158,D
3875.0,2010,48134,U
12732.0,2009,48363,U
34289.0,2010,48197,R
24640.0,2010,48108,R
61172.0,2010,48176,R
250.0,2009,48028,D
7319.0,2009,48430,U
33350.0,2010,48326,R
300.0,2010,48457,U
525.0,2009,48415,D
511157.0,2010,48304,R
4650.0,2010,48111,U
18586.0,2009,48045,D
17615.0,2009,48324,R
93095.0,2010,48312,D
710.0,2010,48166,R
9650.0,2009,48390,U
650.0,2010,48125,R
11850.0,2009,48326,D
625.0,2009,48212,U
1916.0,2009,48069,U
2600.0,2009,48188,R
1100.0,2010,48051,U
4000.0,2010,48134,R
11375.0,2009,48336,D
1816.0,2009,48182,U
35145.0,2010,48083,D
6300.0,2010,48182,R
1115.0,2010,48137,R
850.0,2009,48234,U
8895.0,2010,48390,U
700.0,2009,48240,D
99163.0,2010,48304,U
4302.0,2010,48071,U
2000.0,2009,48091,R
1500.0,2010,48145,D
34093.0,2010,48168,R
1500.0,2009,48433,D
4820.0,2009,48124,R
54235.0,2010,48170,D
6550.0,2010,48380,R
200.0,2010,48444,D
4300.0,2010,48081,R
250.0,2010,48153,D
250.0,2010,48067,I
112100.0,2010,48235,U
3250.0,2010,48314,R
7950.0,2010,48070,R
250.0,2010,48014,R
1825.0,2009,48341,U
11900.0,2009,48362,D
2610.0,2010,48221,U
74200.0,2009,48226,R
800.0,2010,48062,U
300.0,2009,48134,R
23055.0,2010,48126,D
1480.0,2009,48137,R
106552.0,2010,48089,D
401.0,2010,48088,R
4862.0,2010,48438,R
3300.0,2010,48054,U
300.0,2009,48025,3
10750.0,2010,48329,D
45754.0,2010,48168,U
9500.0,2009,48303,D
2760.0,2010,48079,R
349.0,2010,48210,L
4126.0,2009,48081,U
2924.0,2009,48106,U
400.0,2010,48440,D
5250.0,2010,48206,D
3400.0,2009,48325,R
200.0,2010,48356,U
13450.0,2009,48082,D
250.0,2009,48048,U
45000.0,2009,48230,R
3985.0,2009,48080,U
3400.0,2010,48338,R
28785.0,2010,48167,U
44099.0,2009,48335,R
80065.0,2010,48329,R
1450.0,2009,48028,R
10950.0,2010,48161,R
250.0,2010,48166,D
8350.0,2010,48162,R
20273.0,2010,48227,D
300.0,2009,48350,D
36450.0,2009,48184,R
29082.0,2010,48124,R
11700.0,2010,48363,R
10500.0,2009,48333,U
12410.0,2009,48168,R
4100.0,2009,48101,D
300.0,2009,48195,D
6800.0,2008,48304,R
625.0,2009,48223,U
14292.0,2009,48439,U
5707.0,2010,48382,D
1550.0,2010,48144,U
1250.0,2009,48333,L
18800.0,2010,48346,R
2675.0,2009,48382,R
