148462.0,2011,48334,D
6122.0,2011,48380,U
250.0,2011,48090,D
13860.0,2011,48045,D
11625.0,2011,48238,D
244649.0,2012,48304,U
500.0,2012,48158,U
24153.0,2011,48317,R
1700.0,2011,48329,D
600.0,2011,48074,U
6477.0,2012,48198,U
250.0,2011,48200,D
31260.0,2012,48073,R
1000.0,2012,48109,R
1250.0,2012,48412,R
500.0,2012,48458,R
225.0,2012,48218,U
1750.0,2011,48023,R
200.0,2011,48460,R
950.0,2012,48145,U
5925.0,2012,48047,U
16250.0,2012,48382,D
9500.0,2011,48240,D
500.0,2012,48370,R
9685.0,2012,48183,U
940.0,2012,48133,D
123328.0,2012,48025,U
900.0,2011,48311,D
9750.0,2012,48195,U
39250.0,2012,48126,D
1000.0,2012,48243,R
25250.0,2011,48220,D
53510.0,2012,48197,D
500.0,2012,48311,D
79655.0,2012,48108,R
118302.0,2011,48034,R
1000.0,2012,48415,R
8225.0,2011,48325,D
1000.0,2011,48211,U
19122.0,2012,48101,D
100214.0,2012,48091,D
1250.0,2011,48040,D
13510.0,2012,48120,D
10850.0,2012,48079,R
10000.0,2011,48303,U
2500.0,2012,48084,L
25750.0,2012,48333,U
14065.0,2012,48178,U
445488.0,2012,48302,D
8182.0,2012,48329,D
300.0,2012,48236,3
70235.0,2012,48234,D
15320.0,2011,48108,U
250.0,2012,48157,R
562.0,2011,48428,U
250.0,2012,48356,L
2225.0,2011,48433,U
725.0,2011,48079,U
500.0,2011,48356,D
24268.0,2012,48082,R
58838.0,2012,48088,D
1000.0,2011,48386,R
500.0,2012,48051,U
16600.0,2011,48081,R
41818.0,2012,48067,R
11257.0,2011,48176,U
98125.0,2011,48237,D
926.0,2011,48040,R
2810.0,2012,48081,U
5825.0,2012,48316,U
2000.0,2011,48371,U
246487.0,2012,48104,U
31973.0,2012,48238,D
500.0,2011,48037,D
5615.0,2012,48211,D
39332.0,2012,48202,D
6725.0,2011,48162,U
10000.0,2011,48198,D
9111.0,2012,48239,R
8400.0,2012,48438,R
500.0,2012,48023,U
1403.0,2012,48359,R
500.0,2012,48006,R
95115.0,2011,48089,D
850.0,2012,48444,D
20525.0,2011,48315,D
600.0,2012,48449,U
5121.0,2012,48458,D
62392.0,2011,48105,U
70710.0,2011,48310,D
8775.0,2011,48047,D
9191.0,2011,48442,R
3500.0,2011,48318,U
2140.0,2012,48134,U
11950.0,2012,48173,D
542.0,2011,48461,U
7987.0,2011,48067,U
200.0,2012,48049,R
10652.0,2011,48038,R
250.0,2011,48067,L
16990.0,2011,48363,R
6015.0,2012,48093,U
7900.0,2012,48127,U
8710.0,2011,48036,U
1050.0,2012,48160,D
121722.0,2012,48170,D
26064.0,2012,48183,D
30445.0,2011,48026,D
6581.0,2011,48130,U
1250.0,2011,48117,U
46069.0,2012,48094,R
4150.0,2011,48051,D
8942.0,2012,48091,R
250.0,2012,48344,R
2786.0,2011,48427,U
700.0,2011,48125,D
17710.0,2011,48072,D
51349.0,2011,48168,D
4375.0,2012,48216,D
5500.0,2012,48383,U
7025.0,2011,48083,U
1750.0,2011,48316,U
4000.0,2011,48015,R
4650.0,2012,48219,U
250.0,2008,48237,R
250.0,2012,48329,I
23750.0,2011,48085,R
208.0,2011,48445,U
1250.0,2012,48131,U
2146.0,2012,48432,U
1725.0,2011,48097,D
1000.0,2011,48099,U
66740.0,2012,48323,U
302880.0,2012,48381,R
16487.0,2011,48342,D
1590.0,2011,48062,U
1500.0,2012,48421,D
85287.0,2012,48312,D
52975.0,2011,48038,D
21000.0,2012,48325,R
103115.0,2011,48091,D
5040.0,2011,48446,D
750.0,2012,48334,I
7000.0,2012,48265,R
13720.0,2012,48178,D
2342.0,2011,48224,U
750.0,2012,48350,U
6455.0,2012,48161,D
1000.0,2011,48320,R
268800.0,2011,48275,U
10403.0,2011,48329,R
22272.0,2011,48439,U
2000.0,2012,48306,I
4640.0,2012,48043,U
1235.0,2012,48215,U
2690.0,2012,48021,U
130482.0,2012,48084,U
16900.0,2011,48044,D
1650.0,2012,48191,U
250.0,2012,48343,U
21250.0,2012,48089,R
7680.0,2012,48051,D
6750.0,2011,48191,U
22602.0,2011,48326,R
250.0,2012,48212,R
4050.0,2011,48341,U
350.0,2012,48318,D
26345.0,2011,48116,U
650.0,2011,48174,D
200.0,2011,48028,D
12877.0,2011,48307,U
7995.0,2012,48353,R
6000.0,2012,48174,U
6500.0,2011,48198,U
2000.0,2012,48412,U
253650.0,2011,48304,D
12351.0,2011,48059,R
56500.0,2012,48390,R
200.0,2012,48311,U
29056.0,2012,48116,U
1600.0,2011,48048,D
24115.0,2011,48306,U
824431.0,2012,48301,R
1306.0,2012,48179,R
16300.0,2012,48340,R
76778.0,2011,48236,U
50190.0,2011,48025,U
5750.0,2011,48178,D
1000.0,2012,48301,I
3350.0,,48212,U
10000.0,2011,48239,D
250.0,2012,48221,3
51775.0,2012,48080,D
9343.0,2012,48085,U
13448.0,2011,48375,U
3025.0,2012,48346,U
23305.0,2011,48085,D
83149.0,2012,48375,R
6206.0,2011,48073,R
8050.0,2011,48225,D
94970.0,2012,48184,R
250.0,2011,48323,L
250.0,2011,48367,U
262232.0,2011,48334,U
1025.0,2012,48062,U
507.0,2011,48054,R
28281.0,2011,48322,U
12951.0,2011,48045,U
400.0,2011,48165,D
250.0,2012,48232,R
9700.0,2011,48346,R
700.0,2011,48071,R
9275.0,2012,48090,U
3100.0,2011,48039,R
1145.0,2011,48051,U
250.0,2011,48393,U
8750.0,2011,48430,R
24350.0,2011,48138,D
18370.0,2012,48076,U
200607.0,2012,48334,D
11550.0,2012,48193,D
10411.0,2012,48446,R
32472.0,2012,48138,U
1300.0,2012,48145,D
14145.0,2012,48104,L
2500.0,2012,48117,R
1950.0,2012,48009,I
23355.0,2011,48235,D
61570.0,2012,48209,R
5650.0,2011,48359,U
17200.0,2011,48124,R
3485.0,2011,48442,U
2000.0,2012,48302,I
43895.0,2012,48180,R
250.0,2011,48012,D
225.0,2012,48204,U
1270.0,2012,48427,R
63767.0,2012,48118,D
5000.0,2011,48121,D
500.0,2011,48243,D
500.0,2011,48430,I
14000.0,2011,48380,R
5385.0,2011,48221,U
1652.0,2011,48017,R
1272.0,2011,48134,U
24664.0,2011,48316,R
1750.0,2011,48144,R
5601.0,2011,48313,R
22950.0,2011,48070,R
750.0,2011,48328,U
2956.0,2011,48192,R
590775.0,2012,48066,D
22915.0,2012,48152,U
2500.0,2012,48332,D
590.0,2011,48141,D
13602.0,2011,48377,R
4070.0,2012,48353,D
3980.0,2012,48161,U
1786.0,2011,48429,U
16100.0,2011,48433,D
1500.0,2011,48359,R
32605.0,2012,48309,D
4300.0,2012,48193,R
5350.0,2012,48427,U
965.0,2012,48327,U
7670.0,2011,48080,D
1775.0,2012,48023,D
6986.0,2011,48066,U
4525.0,2012,48340,D
4960.0,2012,48216,U
104978.0,2011,48070,D
4675.0,2012,48314,U
19851.0,2012,48310,R
9175.0,2011,48348,D
540.0,2011,48192,U
19505.0,2012,48082,D
21422.0,2012,48126,U
593211.0,2012,48025,D
2500.0,2012,48021,R
214788.0,2012,48226,D
400.0,2011,48191,D
260.0,2011,48158,U
2000.0,2012,48039,R
13025.0,2011,48227,D
65551.0,2012,48315,R
1200.0,2011,48104,L
31375.0,2011,48168,R
4750.0,2011,48237,R
18900.0,2011,48150,D
27820.0,2011,48324,D
82301.0,2012,48103,U
3883.0,2011,48178,U
73152.0,2011,48198,R
800.0,2012,48063,R
26250.0,2012,48040,R
1200.0,2011,48043,R
4501.0,2011,48044,R
1196.0,2011,48432,U
6962.0,2012,48134,D
14065.0,2012,48314,R
71411.0,2012,48301,U
1000.0,2011,48461,D
3750.0,2011,48112,U
4341.0,2012,48371,U
400.0,2012,48342,R
2500.0,2011,48265,R
8695.0,2011,48082,D
37518.0,2012,48220,D
10000.0,2008,48084,R
12285.0,2012,48315,U
67844.0,2012,48127,D
84711.0,2012,48038,D
1300.0,2012,48441,R
594.0,2012,48146,U
250.0,2011,48099,R
4800.0,2012,48101,U
5700.0,2012,48240,D
19940.0,2011,48197,D
5294.0,2011,48162,D
86800.0,2011,48275,R
9750.0,2012,48166,R
472.0,2012,48460,U
1200.0,2011,48021,U
6250.0,2012,48043,R
1260.0,2011,48193,U
50238.0,2011,48306,D
200.0,2011,48417,U
1000.0,2011,48026,R
11500.0,2011,48333,R
69795.0,2011,48176,R
138700.0,2012,48034,D
275.0,2012,48342,U
200.0,2011,48140,U
3000.0,2011,48054,U
1506.0,2012,48461,U
152570.0,2012,48009,U
4710.0,2011,48111,D
200.0,,48375,U
1000.0,2011,48051,R
11317.0,2011,48363,U
69629.0,2012,48309,R
28701.0,2012,48205,D
400.0,2011,48186,U
4550.0,2012,48455,D
9450.0,2011,48382,R
86597.0,2011,48326,U
2000.0,2011,48244,D
450.0,2012,48022,D
14211.0,2012,48094,U
5810.0,2012,48239,U
250.0,2011,48105,I
2200.0,2011,48193,R
29132.0,2011,48224,D
26220.0,2012,48152,D
8400.0,2012,48438,D
5150.0,2012,48072,U
295429.0,2012,48034,R
500.0,2012,48444,U
300.0,2011,48005,U
405.0,2011,48419,U
85893.0,2011,48439,D
500.0,2011,48140,R
19050.0,2011,48034,U
26511.0,2012,48215,D
34008.0,2012,48335,D
3925.0,2011,48180,U
27547.0,2012,48187,R
4615.0,2011,48130,D
27650.0,2012,48012,D
365.0,2011,48449,D
250.0,2011,48304,L
18999.0,2012,48333,D
1250.0,2011,48393,D
276261.0,2012,48323,R
5500.0,2012,48376,R
125.0,2012,48429,D
10985.0,2011,48080,U
24500.0,2012,48333,R
35485.0,2012,48036,D
1100.0,2011,48462,D
40573.0,2012,48374,D
12200.0,2012,48328,D
250.0,2011,48108,I
7300.0,2011,48357,R
7087.0,2012,48433,U
250.0,2011,48390,I
6505.0,2012,48320,U
1000.0,2012,48166,U
500.0,,48095,U
33600.0,2012,48033,D
5495.0,2012,48456,U
500.0,2012,48234,R
27200.0,2012,48154,R
119485.0,2012,48089,D
4600.0,2011,48423,R
4800.0,2011,48420,R
51325.0,2011,48126,R
24251.0,2012,48028,R
7225.0,2011,48169,D
5.0,2012,48188,I
360.0,2012,48299,D
6450.0,2012,48162,R
5000.0,2012,48322,I
2000.0,2011,48367,R
4570.0,2012,48182,U
1250.0,2012,48218,R
169883.0,2011,48323,D
66500.0,2012,48135,R
63790.0,2012,48108,D
550.0,2011,48195,D
7000.0,2012,48042,U
975.0,2012,48212,U
16250.0,2011,48375,D
26590.0,2011,48187,D
30637.0,2012,48085,D
28550.0,2012,48326,D
901.0,2012,48421,R
6000.0,2011,48451,D
48840.0,2011,48088,D
1500.0,2011,48211,R
1450.0,2011,48340,U
7744.0,2012,48380,U
14684.0,2012,48038,U
124491.0,2011,48105,R
1632.0,2011,48313,U
41220.0,2012,48092,R
624005.0,2012,48226,R
250.0,2011,48450,U
500.0,2012,48062,D
4750.0,2012,48120,R
1450.0,2012,48079,U
755120.0,2012,48104,D
5400.0,2012,48074,R
4000.0,2012,48228,R
625.0,2011,48238,U
14226.0,2011,48309,U
138900.0,2011,48025,R
58223.0,2012,48116,D
5500.0,2011,48383,U
22250.0,2011,48303,R
108569.0,2011,48301,D
12610.0,2012,48375,U
441000.0,2012,48318,R
10590.0,2011,48073,U
11239.0,2011,48118,D
300.0,2011,48173,U
2000.0,2011,48074,D
210.0,2011,48121,U
579077.0,2012,48104,R
31775.0,2011,48348,R
1751.0,2011,48353,R
19200.0,2012,48228,D
22475.0,2012,48313,R
55588.0,2012,48030,D
24563.0,2012,48225,D
25000.0,2011,48333,D
9347.0,2012,48192,R
4467.0,2011,48413,U
5000.0,2011,48202,R
180328.0,2011,48322,D
187850.0,2011,48009,D
1800.0,2011,48442,D
109450.0,2012,48214,R
20250.0,2012,48185,R
34044.0,2012,48069,D
250.0,2012,48115,U
650.0,2011,48140,D
10550.0,2012,48451,D
4575.0,2011,48342,R
46224.0,2012,48198,D
500.0,2011,48455,D
139523.0,2011,48103,D
26072.0,2012,48118,R
3420.0,2012,48321,R
3630.0,2012,48449,R
198139.0,2011,48104,D
137489.0,2011,48235,U
218.0,2012,48440,R
2701.0,2011,48189,R
31650.0,2012,48219,D
600.0,2011,48099,D
500.0,2011,48076,I
2350.0,2012,48065,D
225.0,2012,48206,U
500700.0,2011,48302,R
7975.0,2011,48038,U
121060.0,2012,48075,D
3200.0,2012,48145,R
1715.0,2011,48186,R
10153298.0,2012,48188,U
34706.0,2012,48111,D
392620.0,2012,48374,R
1025.0,2012,48238,U
10351.0,2011,48130,R
8412.0,2012,48109,D
122774.0,2011,48084,U
16760.0,2012,48108,U
3000.0,2012,48046,R
21080.0,2012,48462,R
2000.0,2012,48061,U
600.0,2012,48461,R
250.0,2012,48044,L
950.0,2011,48457,U
3300.0,2011,48109,D
3250.0,2011,48146,D
8972.0,2011,48085,U
22015.0,2011,48201,U
7250.0,2012,48144,R
39905.0,2012,48324,U
15400.0,2011,48126,D
200.0,,48309,U
12051.0,2011,48114,R
725.0,2012,48082,U
1446.0,2012,48429,U
49045.0,2012,48315,D
920.0,2011,48462,U
18501.0,2011,48108,R
250.0,2012,48446,3
191216.0,2012,48070,D
3175.0,2011,48371,D
250.0,2011,48065,R
400.0,2011,48062,R
16326.0,2012,48071,R
8276.0,2012,48072,R
17318.0,2011,48309,D
256.0,2012,48186,U
5562.0,2011,48192,D
1000.0,2012,48293,D
19170.0,2012,48203,U
1750.0,2012,48128,U
2632.0,2011,48035,U
15891.0,2011,48439,R
1000.0,,48085,U
27829.0,2012,48043,D
700.0,2012,48122,R
8462.0,2011,48185,D
2750.0,2011,48223,R
750.0,2012,48436,R
467.0,2012,48300,D
7721.0,2011,48188,R
72519.0,2012,48166,D
31740.0,2012,48442,R
275.0,2012,48011,U
853155.0,2012,48302,U
2152.0,2011,48088,R
30712.0,2011,48081,D
4420.0,2011,48317,U
2245.0,2012,48370,U
300.0,,48076,U
6900.0,2011,48430,U
1450.0,2011,48076,U
20250.0,2012,48017,R
23725.0,2012,48165,R
2150.0,2011,48362,D
11968.0,2011,48098,U
525.0,2012,48415,U
68973.0,2012,48044,R
98085.0,2012,48047,R
250.0,2012,48112,D
13870.0,2012,48195,R
2242.0,2011,48451,U
20000.0,2011,48325,R
200.0,,48314,U
1250.0,2011,48120,R
2970.0,2011,48134,R
72952.0,2012,48168,U
12200.0,2011,48043,D
51772.0,2012,48085,R
168880.0,2012,48168,D
665.0,2011,48125,U
6700.0,2012,48093,R
4825.0,2012,48117,D
16518.0,2012,48307,U
2302.0,2011,48312,R
9250.0,2012,48357,D
1750.0,2012,48224,3
951.0,2011,48362,R
5000.0,2011,48240,U
32125.0,2012,48393,R
4438.0,2011,48377,U
44552.0,2011,48331,R
-850.0,2008,48226,R
6880.0,2011,48092,U
8650.0,2012,48030,R
222089.0,2012,48323,D
130796.0,2012,48176,R
6200.0,2012,48095,R
206647.0,2012,48105,R
1000.0,2011,48069,R
6435.0,2012,48453,U
152382.0,2012,48187,D
3250.0,2012,48173,U
500.0,2011,48022,D
137200.0,2012,48213,R
1500.0,2012,48074,D
2582.0,2012,48111,U
8735.0,2012,48073,U
37036.0,2012,48042,D
231150.0,2012,48126,R
605415.0,2011,48304,R
5962.0,2011,48187,U
42291.0,2012,48212,D
48298.0,2012,48382,R
3150.0,2012,48160,U
1125.0,2012,48412,D
3920.0,2012,48026,R
1031398.0,2012,48025,R
173087.0,2011,48236,D
1916.0,2011,48026,U
975.0,2012,48048,D
6600.0,2012,48106,D
21238.0,2012,48150,R
1000.0,2010,48202,R
1200.0,2011,48376,U
3175.0,2012,48146,D
40553.0,2011,48188,D
16310.0,2011,48017,D
19947.0,2012,48316,D
1570.0,2011,48169,U
18356.0,2012,48059,U
36634.0,2012,48433,D
250.0,2012,48286,D
300.0,2011,48095,D
13289.0,2012,48060,R
500.0,2011,48060,D
500.0,2012,48086,R
19492.0,2011,48047,R
7285.0,2011,48335,U
12725.0,2012,48089,U
7978.0,2012,48174,D
10700.0,2011,48209,U
104400.0,2011,48231,D
1000.0,2012,48120,L
2600.0,2012,48065,U
158713.0,2012,48439,D
1225.0,2011,48042,U
39801.0,2011,48152,R
1000.0,,48323,U
83103.0,2012,48098,D
250.0,2012,48228,L
3479.0,2011,48089,U
1641.0,2011,48205,U
6733.0,2012,48091,U
6900.0,2012,48428,R
196430.0,2012,48236,U
21227.0,2011,48324,U
4825.0,2011,48210,D
10600.0,2011,48390,U
1000.0,2011,48215,R
115858.0,2012,48167,D
6600.0,2012,48377,D
2000.0,2011,48333,L
288595.0,2011,48025,D
5570.0,2012,48350,D
8992.0,2012,48329,U
1755.0,2011,48422,U
500.0,,48306,U
56050.0,2011,48170,D
1705.0,2011,48165,R
5798.0,2012,48381,U
34960.0,2012,48094,D
32350.0,2012,48207,U
1400.0,2012,48063,D
46880.0,2012,48326,U
3750.0,2012,48415,D
33750.0,2012,48363,D
1300.0,2012,48028,D
250.0,2012,48073,I
1975.0,2011,48220,U
1300.0,2011,48161,U
15000.0,2011,48029,D
124800.0,2012,48275,R
900.0,2011,48025,I
67346.0,2011,48324,R
4850.0,2011,48033,R
227038.0,2011,48302,D
470.0,2011,48229,U
500.0,2011,48308,R
3050.0,2012,48015,U
59741.0,2012,48306,U
7495.0,2011,48211,D
9250.0,2011,48138,U
336292.0,2012,48374,U
2691.0,2011,48072,U
325.0,2012,48228,3
3712.0,2011,48208,D
78000.0,2011,48127,D
13385.0,2012,48047,D
1616.0,2011,48135,U
2770.0,2011,48118,U
49786.0,2011,48073,D
9611.0,2012,48114,U
1336.0,2011,48120,U
17604.0,2012,48439,U
1804.0,2012,48141,D
7489.0,2012,48045,U
52024.0,2012,48026,D
500.0,2011,48330,D
200.0,2013,48182,L
159701.0,2012,48036,R
1525.0,2012,48370,D
2035.0,2012,48186,R
14175.0,2012,48183,R
300.0,,48310,U
15715.0,2011,48228,D
43710.0,2011,48067,D
7160.0,2011,48091,U
9120.0,2011,48204,D
3812.0,2011,48310,U
1900.0,2011,48360,D
250.0,2012,48436,D
18592.0,2012,48176,U
4150.0,2012,48386,D
1131.0,2012,48419,U
2475.0,2012,48442,U
6646.0,2012,48137,D
12780.0,2012,48348,U
1301.0,2012,48453,R
75669.0,2012,48324,D
17865.0,2012,48390,D
6015.0,2011,48094,R
7550.0,2012,48111,R
4350.0,2012,48380,D
3514.0,2011,48234,U
21915.0,2012,48223,D
600.0,2011,48041,R
25425.0,2011,48187,R
5402.0,2012,48088,R
129063.0,2012,48124,D
1451.0,2011,48182,R
2973.0,2011,48341,D
11350.0,2011,48377,D
5280.0,2011,48174,U
64591.0,2012,48363,R
550.0,2011,48440,D
2700.0,2011,48128,R
100745.0,2011,48323,R
395.0,2012,48030,L
17430.0,2012,48186,D
190305.0,2012,48230,D
2256.0,2012,48035,R
250.0,2011,48091,L
94961.0,2012,48092,D
28610.0,2011,48214,U
1000.0,2011,48022,R
200.0,2011,48125,R
5000.0,2011,48120,D
250.0,2012,48018,D
5750.0,2011,48106,R
11875.0,2012,48060,U
1300.0,2011,48101,R
4603.0,2011,48047,U
250.0,2011,48240,R
22597.0,2011,48084,D
11500.0,2012,48065,R
94525.0,2012,48075,R
600.0,2011,48370,R
1274.0,2012,48428,U
14100.0,2012,48381,D
3400.0,2011,48362,U
670735.0,2012,48167,R
37110.0,2012,48021,D
10075.0,2011,48331,U
500.0,2011,48069,U
1750.0,2011,48314,R
1000.0,2012,48039,D
12258.0,2012,48173,R
12687.0,2011,48223,D
6415.0,2012,48237,U
1250.0,2011,48131,U
3600.0,2012,48095,U
28450.0,2012,48314,D
10725.0,2011,48154,D
14350.0,2012,48423,U
1500.0,2011,48137,D
91776.0,2012,48203,D
34650.0,2012,48015,D
8850.0,2012,48160,R
-1000.0,2012,48067,I
1300.0,2012,48367,D
1326.0,2012,48235,R
254190.0,2012,48168,R
6400.0,2011,48193,D
14050.0,2011,48202,D
43300.0,2011,48076,R
450.0,2011,48079,R
7750.0,2011,48413,R
32100.0,2012,48098,U
142118.0,2012,48150,U
523793.0,2011,48009,R
4275.0,2012,48224,U
36755.0,2011,48098,R
4000.0,2012,48133,R
3170.0,2012,48068,R
1000.0,2011,48242,D
2425.0,2011,48314,U
8510.0,2012,48130,U
1950.0,2012,48131,D
27230.0,2011,48317,D
9501.0,2011,48169,R
445.0,2011,48342,U
250.0,2012,48032,U
30200.0,2011,48203,R
450.0,2011,48012,U
4720.0,2012,48023,R
2700.0,2012,48202,R
252250.0,2012,48201,R
10300.0,2012,48430,U
275.0,2012,48228,U
121936.0,2012,48067,D
10649.0,2012,48420,R
12310.0,2011,48118,R
710.0,2012,48123,U
4000.0,2012,48045,L
3025.0,2011,48225,U
53607.0,2011,48030,D
2800.0,2012,48209,D
900.0,2011,48367,D
283368.0,2012,48236,D
2273.0,2011,48383,R
10111.0,2011,48326,D
200.0,,48188,U
325.0,2011,48167,3
8145.0,2011,48124,U
313.0,2011,48415,D
1000.0,2012,48041,U
124620.0,2012,48213,U
5000.0,2012,48214,3
10670.0,2011,48315,R
800.0,2012,48223,U
2250.0,2012,48193,U
15100.0,2012,48059,D
3200.0,2012,48462,U
750.0,2011,48208,U
9234.0,2011,48441,U
3870.0,2011,48095,U
5578.0,2012,48192,U
1505.0,2011,48356,R
77478.0,2011,48103,R
3300.0,2012,48362,U
3445.0,2012,48446,U
837.0,2011,48228,U
700.0,2011,48462,R
2251.0,2011,48150,U
-500.0,2011,48039,D
115510.0,2012,48331,D
10050.0,2012,48208,D
1050.0,2011,48134,D
601047.0,2012,48170,R
2000.0,2011,48457,R
500.0,2012,48401,D
1000.0,2012,48061,R
4642.0,2012,48060,D
800.0,2011,48350,D
1500.0,2011,48418,D
6100.0,2012,48071,U
5000.0,2011,48349,R
47759.0,2011,48230,U
500.0,2012,48130,I
1103.0,2011,48035,R
200.0,2011,48420,D
39178.0,2011,48170,U
16600.0,2012,48335,U
4950.0,2012,48428,D
250.0,,48315,U
6500.0,2011,48158,R
2203.0,2012,48037,D
28866.0,2012,48309,U
79290.0,2012,48439,R
45567.0,2011,48168,U
30800.0,2011,48212,R
286604.0,2011,48066,D
55251.0,2011,48230,D
336188.0,2012,48214,D
30208.0,2011,48167,D
16900.0,2011,48336,U
220.0,2011,48006,D
1219393.0,2012,48230,R
250.0,2011,48366,D
119767.0,2011,48302,U
18811.0,2011,48307,D
194065.0,2011,48084,R
250.0,2011,48014,R
9000.0,2011,48335,D
45608.0,2012,48313,D
1500.0,2012,48330,R
17285.0,2011,48213,D
2525.0,2011,48043,U
250.0,2012,48413,D
20625.0,2012,48188,R
200.0,,48322,U
57055.0,2012,48076,D
8955.0,2012,48092,U
5050.0,2012,48066,R
46589.0,2012,48169,R
8805.0,2011,48042,D
2250.0,2012,48005,D
498880.0,2012,48324,R
2712.0,2011,48412,D
13830.0,2011,48108,D
3800.0,2012,48074,U
11625.0,2011,48107,D
300.0,2012,48244,U
280900.0,2012,48231,D
2412.0,2011,48182,U
1461.0,2011,48093,R
2670.0,2012,48146,R
2600.0,2011,48357,U
144500.0,2012,48275,D
10850.0,2012,48080,U
250.0,2012,48386,L
1950.0,2012,48304,I
14851.0,2011,48307,R
865.0,2011,48137,R
17262.0,2012,48346,D
43103.0,2011,48103,U
4150.0,2012,48360,D
1200.0,2011,48180,D
5735.0,2012,48209,U
2520.0,2012,48227,U
7451.0,2011,48315,U
689.0,2011,48232,R
2531.0,2011,48111,R
2500.0,2008,48236,R
10205.0,2012,48197,U
35742.0,2012,48176,D
200.0,2012,48426,R
31521.0,2011,48313,D
48760.0,2012,48203,R
500.0,2012,48124,L
24060.0,2012,48154,U
500.0,2012,48366,D
4075.0,2012,48079,D
1400.0,2012,48311,R
9750.0,2011,48243,R
2400.0,2011,48381,D
1000.0,2012,48440,D
30250.0,2012,48033,R
500.0,,48439,U
700.0,2012,48310,L
3100.0,2012,48017,U
19031.0,2011,48188,U
10175.0,2012,48036,U
17285.0,2012,48182,R
11702.0,2011,48202,U
1000.0,2012,48376,U
250.0,2012,48040,D
3102505.0,2012,48302,R
2001.0,2011,48446,R
300.0,2012,48139,D
3779800.0,2012,48214,U
4251.0,2012,48125,R
500.0,2012,48266,D
82611.0,2012,48226,U
250.0,2012,48304,L
12944.0,2012,48413,U
240.0,2012,48022,L
6805.0,2011,48239,R
4816.0,2012,48189,R
16353.0,2012,48327,R
10000.0,2011,48376,R
7226.0,2012,48187,U
250.0,2012,48028,U
1000.0,2011,48090,R
25950.0,2012,48107,D
121264.0,2012,48071,D
901.0,2012,48014,R
20520.0,2011,48209,R
2450.0,2011,48161,R
20450.0,2012,48328,R
425.0,2008,48009,R
1126.0,2011,48386,U
5800.0,2012,48367,R
500.0,2012,48086,D
1000.0,2011,48146,U
2250.0,2012,48012,U
500.0,2012,48413,R
500.0,2012,48142,R
22500.0,2011,48374,D
11041.0,2011,48152,U
2600.0,2011,48101,D
12075.0,2011,48075,U
1000.0,2011,48151,R
21961.0,2011,48070,U
826.0,2012,48462,D
8124.0,2011,48154,U
33500.0,2011,48121,R
6041.0,2012,48144,U
58285.0,2012,48189,D
5661.0,2011,48348,U
1480.0,2012,48097,U
608.0,2012,48137,R
8145.0,2011,48197,U
950.0,2011,48450,R
51420.0,2011,48213,U
2000.0,2012,48208,R
40350.0,2012,48207,R
2150.0,2011,48144,U
134750.0,2011,48214,D
2840.0,2012,48096,R
900.0,2011,48386,D
8386.0,2012,48446,D
250.0,2012,48037,R
191023.0,2012,48124,R
158600.0,2012,48303,R
22852.0,2012,48331,U
250.0,2011,48028,R
44600.0,2012,48070,R
65285.0,2011,48184,R
2300.0,2010,48084,R
15470.0,2012,48045,D
17225.0,2012,48383,R
64722.0,2012,48380,R
1741.0,2011,48066,R
90660.0,2011,48071,D
500.0,2011,48021,R
1572.0,2012,48416,U
200.0,2011,48135,R
5047.0,2012,48308,R
10075.0,2011,48109,U
4650.0,2012,48371,D
200.0,2012,48360,3
18485.0,2011,48309,R
4300.0,2011,48220,R
500.0,,48168,U
759556.0,2012,48103,R
1177612.0,2011,48236,R
10660.0,2011,48390,R
3870.0,2012,48164,R
1000.0,2011,48360,U
9830.0,2012,48083,U
6325.0,2012,48310,U
75962.0,2012,48093,D
500.0,2012,48096,U
300.0,2012,48401,R
24275.0,2012,48070,U
2045.0,2012,48240,U
62344.0,2011,48207,U
250.0,2012,48242,D
560688.0,2012,48304,D
8577.0,2011,48178,R
27332.0,2012,48317,R
11930.0,2011,48329,U
225.0,2011,48233,D
9775.0,2012,48211,U
720.0,2012,48308,U
23900.0,2012,48215,R
7386.0,2011,48353,U
400.0,2012,48218,D
2555.0,2012,48005,U
2950.0,2011,48455,U
5000.0,2011,48265,U
15201.0,2011,48045,R
250.0,2011,48046,R
3250.0,2011,48360,R
5150.0,2012,48320,D
6600.0,2012,48033,U
27910.0,2011,48314,D
3200.0,2011,48082,R
2000.0,2011,48063,D
500.0,2012,48107,U
5000.0,2012,48231,R
28550.0,2011,48076,D
860.0,2012,48429,R
-400.0,2011,48207,R
85940.0,2011,48312,D
346535.0,2012,48116,R
56787.0,2011,48167,R
2300.0,2012,48182,D
15986.0,2012,48433,R
79910.0,2012,48073,D
1000.0,2011,48219,R
14850.0,2011,48092,R
1205.0,2011,48030,U
14000.0,2011,48333,U
500.0,2012,48417,D
300.0,2011,48183,R
9500.0,2011,48165,U
3164.0,2012,48180,U
250.0,2011,48206,U
1965.0,2011,48420,U
2550.0,2012,48113,D
62922.0,2011,48306,R
5900.0,2011,48059,D
3501.0,2012,48450,R
400.0,2011,48216,D
700.0,2012,48103,I
200.0,2012,48210,U
4000.0,2012,48069,U
-100.0,2012,48039,U
50845.0,2012,48377,R
34153.0,2011,48301,U
19649.0,2012,48042,R
300.0,2011,48034,L
19596.0,2012,48382,U
2500.0,2012,48107,R
200.0,,48103,U
7750.0,2012,48127,R
8550.0,2012,48165,U
250.0,2012,48133,U
1420.0,2011,48219,U
1150.0,2012,48140,R
975.0,2011,48327,D
11331.0,2011,48060,U
350.0,2012,48141,U
4210.0,2012,48062,R
7879.0,2011,48382,U
250.0,2012,48099,R
11750.0,2012,48121,D
221475.0,2011,48230,R
1000.0,2012,48014,D
-100.0,2011,48080,I
2637.0,2012,48120,U
83593.0,2011,48226,U
15240.0,2011,48154,R
46617.0,2011,48104,U
32338.0,2012,48044,D
5632.0,2012,48377,U
8900.0,2012,48158,D
6136.0,2011,48071,U
187500.0,2011,48213,R
1850.0,2011,48357,D
36560.0,2012,48167,U
200.0,2012,48159,U
250.0,2011,48123,U
600.0,2012,48140,U
4250.0,2012,48414,D
105769.0,2012,48331,R
685184.0,2012,48334,R
200.0,2012,48113,U
37462.0,2011,48126,U
25876.0,2011,48015,D
250.0,2011,48173,R
72350.0,2012,48310,D
16205.0,2011,48036,D
6491.0,2011,48114,U
7165.0,2011,48328,R
5170.0,2012,48320,R
59125.0,2012,48154,D
16985.0,2011,48167,U
72802.0,2012,48152,R
250.0,2011,48221,R
21598.0,2011,48336,D
2415.0,2012,48313,U
1841874.0,2012,48009,R
8062.0,2011,48116,D
1062.0,2011,48135,D
5546.0,2012,48451,U
12750.0,2012,48303,D
2550.0,2011,48229,D
600.0,2012,48367,U
2500.0,2012,48117,U
19619.0,2012,48383,D
3650.0,2012,48357,U
3500.0,2012,48106,R
750.0,2011,48166,D
2000.0,2012,48112,U
3900.0,2012,48051,R
400.0,2011,48181,U
2552.0,2011,48327,U
200.0,,48108,U
1520.0,2011,48237,U
500.0,2012,48306,L
487375.0,2011,48334,R
1300.0,2011,48189,D
-21.0,2012,48419,R
7700.0,2012,48208,U
9234.0,2011,48455,R
52588.0,2011,48098,D
4000.0,2012,48090,R
500.0,2012,48308,D
210.0,2012,48122,D
862.0,2011,48161,D
13250.0,2012,48109,U
224410.0,2012,48076,R
750.0,2012,48064,R
2850.0,2012,48359,D
700.0,2012,48444,R
9600.0,2012,48162,U
6970.0,2011,48044,U
261937.0,2011,48301,R
200.0,2012,48197,I
2500.0,2011,48228,R
692690.0,2012,48103,D
3941.0,2011,48239,U
3550.0,2012,48229,D
3050.0,2011,48209,D
250.0,2011,48461,R
4850.0,2012,48457,R
29225.0,2011,48083,D
450.0,2011,48386,L
10650.0,2012,48386,R
2000.0,2012,48323,L
1700.0,2012,48131,R
13050.0,2012,48202,U
1000.0,2012,48227,R
228.0,2011,48210,R
14215.0,2012,48128,D
21100.0,2011,48036,R
42170.0,2011,48035,D
200.0,,48304,U
70339.0,2012,48230,U
500.0,2012,48157,D
26772.0,2012,48204,D
7450.0,2012,48451,R
1000.0,2012,48165,D
144417.0,2012,48083,R
220.0,2012,48050,R
500.0,,48083,U
22285.0,2011,48205,D
5850.0,2012,48185,U
3550.0,2008,48025,R
11825.0,2011,48033,D
23897.0,2011,48303,D
622.0,2012,48417,U
1050.0,2011,48235,R
33961.0,2012,48336,D
250.0,2012,48104,I
8999.0,2011,48081,U
1000.0,2012,48216,R
20850.0,2012,48225,R
5556.0,2011,48183,U
342477.0,2012,48301,D
36302.0,2012,48081,R
7639.0,2012,48386,U
1150.0,2012,48137,U
11773.0,2011,48083,R
700.0,2012,48048,U
250.0,2012,48140,D
18037.0,2012,48083,D
5250.0,2012,48096,D
900.0,2011,48104,I
92116.0,2012,48170,U
17080.0,2012,48124,U
500.0,2011,48160,D
1500.0,2012,48106,U
400.0,2011,48416,D
7630.0,2012,48336,U
204681.0,2012,48348,R
69817.0,2011,48203,D
400.0,,48187,U
28100.0,2011,48318,R
706.0,2012,48457,U
15900.0,2012,48371,R
5110.0,2011,48127,U
26962.0,2012,48150,D
2800.0,2011,48005,R
615.0,2012,48449,D
200.0,2012,48182,L
5135.0,2011,48390,D
15000.0,2012,48124,I
71777.0,2012,48130,D
7000.0,2012,48069,R
2050.0,2011,48446,U
500.0,,48326,U
5948.0,2011,48094,U
975.0,2011,48128,U
625.0,2011,48160,R
2594682.0,2012,48236,R
951.0,2011,48436,R
4475.0,2012,48317,U
10450.0,2012,48455,U
96221.0,2012,48207,D
16075.0,2012,48066,U
68386.0,2011,48093,D
6412.0,2011,48069,D
15200.0,2011,48336,R
10655.0,2012,48363,U
1300.0,2011,48063,R
2355.0,2011,48060,R
801.0,2012,48445,U
5500.0,2011,48012,R
11300.0,2012,48353,U
6105.0,2011,48206,D
41410.0,2012,48243,U
800.0,2011,48005,D
6800.0,2011,48059,U
53687.0,2011,48034,D
42904.0,2012,48237,D
330.0,2011,48027,U
2700.0,2011,48423,D
6210.0,2011,48185,U
38812.0,2012,48201,D
5900.0,2011,48216,U
3500.0,2012,48191,D
1750.0,2012,48184,U
2200.0,2011,48186,D
6000.0,2011,48225,R
200150.0,2011,48226,R
7825.0,2012,48327,D
38771.0,2012,48423,R
5520.0,2012,48135,D
26105.0,2012,48213,D
20500.0,2011,48375,R
65590.0,2011,48234,D
3804.0,2012,48340,U
1750.0,2011,48106,U
158250.0,2012,48334,U
7820.0,2011,48091,R
250.0,2011,48260,R
9400.0,2012,48192,D
57194.0,2012,48130,R
1775.0,2011,48320,U
50709.0,2011,48221,D
6780.0,2012,48162,D
3600.0,2012,48054,U
1500.0,2012,48232,D
18923.0,2012,48067,U
18727.0,2012,48185,D
13100.0,2011,48328,D
300.0,2011,48040,U
45012.0,2012,48059,R
300.0,2011,48243,U
110206.0,2012,48235,U
607594.0,2012,48105,D
5700.0,2011,48327,R
89935.0,2011,48322,R
275.0,2011,48429,R
1420.0,2012,48099,D
78500.0,2011,48275,D
10000.0,2012,48124,3
4201.0,2011,48393,R
7750.0,2011,48215,D
27787.0,2012,48442,D
301.0,2011,48234,R
93328.0,2011,48116,R
28340.0,2012,48357,R
3500.0,2012,48116,I
10825.0,2012,48341,D
726.0,2011,48082,U
157143.0,2012,48098,R
5225.0,2012,48220,U
64374.0,2011,48075,D
14750.0,2012,48390,U
1950.0,2011,48184,U
3198.0,2012,48420,U
20254.0,2012,48441,U
40025.0,2012,48322,U
26900.0,2012,48347,R
26800.0,2012,48336,R
4500.0,2012,48095,D
2000.0,2011,48061,U
490.0,2012,48189,U
44575.0,2012,48178,R
15165.0,2011,48219,D
51589.0,2011,48021,D
19300.0,2011,48374,R
9700.0,2011,48382,D
17502.0,2011,48067,R
68504.0,2012,48306,D
2500.0,2012,48332,R
-2290.0,2012,48121,U
300.0,2011,48227,U
39332.0,2012,48346,R
3150.0,2011,48195,R
230883.0,2012,48221,D
300.0,2011,48306,L
49996.0,2012,48220,R
1650.0,2012,48223,R
6135.0,2012,48044,U
546291.0,2012,48009,D
1750.0,2012,48457,D
1750.0,2012,48026,U
10000.0,2011,48438,R
8350.0,2012,48015,R
41750.0,2012,48012,R
3000.0,2011,48095,R
1700.0,2011,48414,D
2500.0,2012,48164,D
1300.0,2011,48072,R
80050.0,2011,48075,R
11996.0,2012,48225,U
9262.0,2011,48162,R
2850.0,2012,48005,R
3715.0,2011,48346,U
28814.0,2011,48331,D
750.0,2011,48422,R
200.0,2012,48438,U
16998.0,2012,48362,R
7155.0,2011,48093,U
5250.0,2012,48359,U
65355.0,2012,48180,D
1000.0,2011,48166,U
28109.0,2012,48072,D
18625.0,2012,48239,D
14054.0,2012,48080,R
4123.0,2012,48205,R
7500.0,2012,48210,D
6810.0,2011,48381,U
8900.0,2011,48423,U
250.0,2012,48025,I
2000.0,2011,48122,R
24800.0,2012,48303,U
400.0,2011,48103,I
2651.0,2012,48134,R
1000.0,2011,48106,D
1000.0,2011,48145,D
4550.0,2012,48350,R
1521.0,2012,48049,U
6170.0,2012,48342,D
3442203.0,2012,48304,R
5500.0,2012,48461,D
36150.0,2012,48114,R
6035.0,2012,48195,D
509831.0,2012,48084,R
1710.0,2012,48027,D
8285.0,2012,48169,D
540.0,2012,48433,I
7212.0,2011,48128,D
2700.0,2011,48310,R
10018.0,2012,48114,D
30305.0,2012,48184,D
69167.0,2012,48174,R
5140.0,2012,48362,D
131655.0,2011,48226,D
54020.0,2012,48227,D
1150.0,2011,48212,U
200.0,2011,48100,D
481305.0,2012,48306,R
17978.0,2011,48323,U
17200.0,2011,48152,D
11160.0,2012,48118,U
1750.0,2012,48416,R
-10000.0,2008,48304,R
1000.0,2011,48380,D
300.0,2011,48444,D
2228.0,2011,48088,U
17730.0,2012,48348,D
10250.0,2012,48169,U
46622.0,2011,48124,D
5250.0,2011,48438,D
7470.0,2011,48340,D
1464.0,2011,48184,D
2241.0,2011,48453,U
241695.0,2012,48138,R
9176.0,2011,48114,D
3950.0,2012,48328,U
524948.0,2011,48153,R
7953.0,2012,48312,R
20576.0,2011,48150,R
1300.0,2011,48440,R
8950.0,2008,48230,R
43201.0,2011,48335,R
270.0,2011,48006,U
3400.0,2012,48265,U
2065.0,2011,48433,R
712.0,2011,48164,R
13165.0,2012,48197,R
550.0,2011,48160,U
2875.0,2011,48370,U
500.0,2011,48137,U
1450.0,2011,48158,D
3400.0,2011,48320,D
37474.0,2012,48138,D
665.0,2011,48020,D
29686.0,2012,48335,R
1000.0,2011,48308,D
4625.0,2012,48244,D
1000.0,2011,48067,I
227782.0,2012,48198,R
250.0,2011,48421,R
4653.0,2011,48197,R
750.0,2011,48350,U
178445.0,2011,48105,D
112212.0,2011,48430,D
55388.0,2012,48307,D
61944.0,2012,48224,D
295.0,2012,48237,L
46820.0,2012,48237,R
770.0,2012,48030,U
225.0,2011,48014,U
6775.0,2011,48346,D
1775.0,2011,48079,D
2400.0,2012,48221,R
7650.0,2012,48128,R
59187.0,2012,48084,D
7208.0,2012,48088,U
261.0,2011,48460,U
5435.0,2012,48035,U
950.0,2012,48343,D
4901.0,2012,48101,R
6500.0,2012,48211,R
62320.0,2011,48138,R
1300.0,2012,48125,U
250.0,2012,48036,I
1355.0,2011,48223,U
16720.0,2011,48176,D
19140.0,2012,48201,U
1000.0,2012,48097,D
80510.0,2012,48045,R
225.0,2012,48041,D
24000.0,2012,48360,R
13955.0,2012,48017,D
1115.0,2011,48232,D
500.0,,48084,U
512.0,2011,48451,R
1275.0,2012,48234,U
5770.0,2012,48221,U
42187.0,2012,48375,D
1750.0,2012,48418,U
500.0,2011,48340,R
5400.0,2011,48347,R
800.0,2011,48343,D
1248.0,2011,48111,U
2750.0,2012,48105,L
236.0,2011,48097,U
27050.0,2011,48363,D
25.0,2011,48157,R
26483.0,2012,48316,R
4718.0,2012,48422,U
13701.0,2011,48094,D
174232.0,2012,48430,D
20848.0,2012,48423,D
136734.0,2012,48188,D
451970.0,2012,48322,R
1447.0,2012,48360,U
2300.0,2010,48301,R
5044.0,2011,48371,R
18250.0,2011,48089,R
10450.0,2011,48195,U
450.0,2012,48375,L
7901.0,2011,48080,R
800.0,2012,48330,D
1000.0,2012,48068,D
3550.0,2008,48167,R
108525.0,2011,48201,D
750.0,2011,48414,U
18250.0,2011,48174,R
66958.0,2012,48329,R
447837.0,2012,48307,R
37972.0,2011,48207,D
3597.0,2012,48341,U
800.0,2011,48428,D
1850.0,2012,48064,D
165946.0,2012,48430,R
3375.0,2012,48420,D
1000.0,2011,48096,R
27453.0,2012,48161,R
500.0,2012,48046,D
4000.0,2011,48183,D
25401.0,2012,48081,D
2576.0,2011,48456,U
1475.0,2012,48054,D
288401.0,2012,48322,D
9500.0,2011,48316,D
3010.0,2012,48144,D
4000.0,2011,48133,R
74492.0,2011,48092,D
75825.0,2011,48304,U
14121.0,2012,48206,D
5040.0,2012,48312,U
26425.0,2012,48075,U
1850.0,2011,48217,D
40750.0,2011,48212,D
1650.0,2012,48041,R
53686.0,2012,48235,D
94689.0,2012,48105,U
11007.0,2011,48381,R
31139.0,2012,48038,R
145161.0,2011,48104,R
-450.0,2011,48334,I
500.0,2011,48061,R
1300.0,2012,48135,U
30721.0,2012,48317,D
625.0,2008,48076,R
21811.0,2011,48374,U
62548.0,2012,48035,D
10550.0,2011,48101,U
42500.0,2012,48121,R
1900.0,2012,48125,D
200.0,,48302,U
-225.0,2011,48227,R
3550.0,2012,48243,D
1300.0,2011,48068,D
85479.0,2011,48009,U
275960.0,2012,48326,R
2750.0,2012,48318,U
500.0,2011,48214,L
8151.0,2012,48054,R
2046.0,2011,48042,R
32250.0,2012,48158,R
500.0,2012,48090,D
250.0,2011,48353,D
2000.0,2011,48180,R
25312.0,2011,48203,U
224842.0,2011,48170,R
489.0,2011,48032,U
500.0,2012,48113,R
2600.0,2011,48166,R
1725.0,2012,48422,R
245688.0,2012,48034,U
500.0,2012,48376,D
244.0,2012,48153,R
6850.0,2008,48302,R
500.0,2011,48359,D
4026.0,2011,48033,U
3030.0,2011,48185,R
13250.0,2011,48201,R
7980.0,2012,48217,D
500.0,2011,48321,R
250.0,2012,48325,D
32920.0,2012,48275,U
775.0,2012,48205,U
2600.0,2011,48065,D
4173.0,2011,48312,U
3750.0,2011,48127,R
5635.0,2012,48393,U
470.0,2012,48418,R
41200.0,2012,48455,R
3775.0,2012,48356,R
510.0,,48105,U
1000.0,2012,48061,D
